1.10898e-10  4.0813e-10  2.90369e-12  2.21884e-13  9.81777e-32  5.59638e-14  1.30455e-13  3.91771e-17  4.09738e-10  6.93855e-13  8.9579e-16  4.09437e-13  3.83062e-22  3.7234e-18  4.4175e-18  6.6212e-15  
2.44664e-15  1.63641e-15  7.10168e-12  3.32531e-15  1.24185e-33  1.20589e-19  2.07326e-14  3.15793e-15  2.0017e-11  4.34917e-21  5.56552e-18  3.21864e-12  3.53745e-28  2.20862e-16  1.72329e-20  4.09527e-21  
5.53423e-14  2.13218e-16  2.86615e-13  5.17472e-17  8.10425e-27  1.45464e-17  1.49495e-14  1.07957e-14  1.12618e-10  2.35288e-21  6.87472e-15  1.90003e-10  2.16914e-22  5.44742e-13  5.93962e-18  1.86442e-19  
4.66878e-15  2.4356e-17  1.53382e-13  2.83882e-16  3.07483e-26  1.67227e-17  9.09539e-15  1.94025e-13  8.1982e-11  7.59863e-22  6.6278e-14  3.45238e-10  8.25896e-22  6.66908e-12  7.43356e-18  2.87126e-20  
8.2842e-13  1.53874e-16  7.39504e-14  1.42633e-17  4.61932e-21  1.7411e-15  3.55281e-14  4.56089e-14  4.40214e-10  5.23615e-20  1.07537e-12  1.5076e-09  7.10274e-19  1.06862e-10  5.06831e-15  2.53101e-18  
1.31834e-13  3.09501e-16  5.51565e-13  1.28109e-16  8.5803e-21  1.16165e-15  2.87375e-14  3.21788e-12  5.00605e-10  2.3853e-20  2.7054e-12  8.95138e-10  3.06209e-18  8.75549e-10  2.15219e-15  4.43451e-19  
2.89623e-11  1.10045e-14  3.26638e-13  6.28681e-18  4.02288e-18  2.20253e-13  3.79122e-14  3.95381e-13  4.05912e-09  2.48061e-18  5.39741e-11  4.43357e-10  7.51941e-14  3.06883e-09  1.14117e-13  8.14952e-17  
7.79621e-13  6.34824e-16  6.25306e-13  1.32361e-17  6.57839e-18  9.13639e-15  1.37508e-14  2.51906e-12  1.04292e-09  3.79585e-20  2.27252e-11  2.5605e-10  4.92029e-16  4.92131e-09  8.40562e-15  1.01327e-18  
1.04351e-13  2.55725e-17  1.11096e-13  5.07956e-18  1.12722e-18  1.43801e-15  1.79682e-15  1.11026e-12  2.24464e-10  1.6475e-21  3.97635e-12  1.29581e-10  2.51245e-17  2.34691e-09  1.0623e-15  2.31832e-20  
2.27068e-13  6.56834e-17  1.94292e-13  6.83245e-18  1.33169e-17  3.1949e-15  4.12008e-15  1.68985e-12  4.70978e-10  2.51818e-21  2.35994e-11  4.54693e-10  1.83788e-16  7.76441e-09  4.16514e-15  9.09943e-20  
3.91276e-13  1.4036e-15  2.91688e-13  4.06284e-17  9.66796e-17  3.12922e-14  9.65496e-16  8.12942e-12  3.55941e-10  9.90055e-21  4.61836e-11  1.3194e-10  1.41834e-15  1.66595e-08  6.00132e-15  1.36382e-19  
6.56198e-13  4.63778e-16  8.71536e-14  2.64586e-18  6.46253e-16  1.80895e-14  6.27211e-16  5.69648e-13  2.89107e-10  7.82555e-21  1.92306e-11  2.80846e-11  4.83353e-16  8.80123e-09  3.55096e-15  5.61112e-20  
5.99146e-14  2.22275e-16  2.88905e-13  3.62324e-17  2.92992e-17  5.1294e-15  5.10923e-16  8.66139e-12  1.93025e-10  9.11115e-22  3.01408e-11  6.09607e-11  9.4443e-17  1.20595e-08  1.07329e-15  2.48272e-20  
4.60132e-13  1.65921e-16  6.45639e-14  3.43299e-18  1.02818e-16  2.06217e-14  5.13786e-16  6.01546e-13  2.73728e-10  4.3252e-21  4.03226e-11  4.02961e-11  7.37309e-16  7.42782e-09  2.13144e-15  5.97171e-20  
5.8196e-13  4.27853e-16  1.79198e-13  1.3492e-17  3.51057e-17  3.3865e-14  1.61237e-15  1.48267e-12  4.94247e-10  1.13432e-20  1.00563e-10  8.86888e-11  8.54046e-16  8.74579e-09  4.35952e-15  3.92555e-19  
5.86483e-13  7.03531e-17  3.55958e-14  1.2573e-18  2.66902e-17  1.89029e-14  5.64235e-16  1.08419e-13  3.69674e-10  4.19691e-21  3.80378e-11  3.16509e-11  3.50915e-16  4.36978e-09  3.50021e-15  2.24264e-19  
2.34447e-12  2.01622e-16  9.03813e-14  2.0697e-18  8.10465e-18  3.86204e-14  2.09721e-15  1.80519e-13  1.01239e-09  1.44493e-20  9.34622e-11  1.38452e-10  3.37304e-15  4.95554e-09  8.62626e-15  1.52217e-18  
9.74855e-13  1.58031e-16  8.87681e-14  3.91694e-18  9.26115e-19  1.23485e-14  2.08587e-15  1.87187e-13  6.05526e-10  1.45166e-20  1.57438e-11  6.92507e-11  1.49837e-16  1.73812e-09  2.96596e-15  1.24395e-18  
6.23601e-12  9.95544e-16  1.03379e-13  5.37402e-18  8.3423e-21  4.79751e-14  1.49116e-14  1.08127e-13  1.54974e-09  6.57842e-19  1.58111e-11  1.12809e-10  2.23361e-15  3.06024e-10  4.83196e-15  5.30921e-17  
3.55776e-13  2.69442e-17  2.20984e-13  5.47247e-18  3.58033e-24  1.13203e-15  5.24871e-14  5.03695e-14  9.09818e-10  7.2867e-20  3.52612e-12  8.92754e-11  6.81952e-18  1.64674e-11  1.39631e-16  1.29989e-17  
2.93081e-11  5.15288e-15  1.41766e-12  6.03771e-18  1.25958e-30  2.01472e-15  7.26274e-12  1.41767e-16  4.83373e-09  2.88945e-16  5.28794e-13  2.11051e-12  6.01531e-19  7.43519e-15  1.83196e-18  5.58027e-14  
9.8676e-11  1.57631e-14  5.15352e-13  4.00396e-18  2.30676e-32  4.2878e-15  6.39275e-12  5.35433e-18  3.48999e-09  3.72662e-15  2.22586e-13  2.21106e-13  2.46576e-19  2.05121e-16  2.76934e-19  5.32298e-13  
1.24279e-10  7.58319e-15  2.00954e-12  8.5304e-19  4.67173e-34  7.38886e-16  8.07058e-12  1.05493e-17  1.34986e-08  1.4484e-16  3.62699e-13  9.83158e-13  2.88283e-17  1.98367e-16  3.79889e-19  2.92819e-13  
1.06625e-11  1.79544e-15  3.92582e-12  1.13106e-17  2.55887e-34  1.93077e-16  1.84803e-11  8.68524e-17  8.8799e-09  2.8157e-17  9.8474e-13  3.74276e-12  1.305e-18  7.31231e-16  7.58807e-20  8.82785e-14  
5.78748e-11  1.11205e-14  1.6039e-12  3.66699e-18  1.07205e-31  1.87782e-15  5.97798e-12  9.3643e-17  6.34213e-09  2.09111e-16  7.1502e-13  2.4988e-12  1.27924e-17  2.07539e-15  4.0382e-19  6.20806e-14  
3.73683e-11  1.92276e-15  1.43e-12  1.82109e-18  3.41516e-31  1.60128e-15  5.44391e-12  1.03436e-16  6.8026e-09  5.63772e-17  2.31723e-12  4.05485e-12  1.13119e-17  4.65451e-15  5.21321e-19  6.23294e-14  
4.29924e-13  8.90801e-17  1.5095e-12  1.11227e-17  8.6039e-30  7.39813e-17  1.02713e-12  2.48116e-15  1.48661e-09  5.50986e-19  8.82645e-13  6.44467e-12  7.41645e-20  3.73149e-14  9.81791e-20  3.02971e-16  
4.31325e-12  4.32978e-16  1.209e-12  6.6522e-18  7.66156e-32  1.72687e-16  1.40471e-12  9.51804e-17  1.99335e-09  5.84267e-18  3.54925e-13  1.17043e-12  2.53425e-20  2.08661e-15  6.99976e-20  8.64187e-15  
2.2207e-13  1.3412e-16  1.79808e-12  2.06367e-17  7.11499e-30  4.36196e-17  4.36506e-13  2.84567e-15  7.90168e-10  2.58412e-19  3.98206e-13  3.67584e-12  1.86681e-20  2.08039e-14  5.80774e-20  9.47771e-17  
1.92253e-13  3.10106e-17  6.37832e-13  1.3427e-17  1.19433e-30  1.35968e-17  2.33287e-13  9.14405e-16  8.34775e-10  6.27864e-20  9.06742e-14  5.87624e-12  1.57507e-21  1.86931e-14  1.22064e-19  9.46773e-17  
1.1716e-12  7.89953e-17  2.73631e-13  6.4747e-18  4.46291e-31  8.30089e-17  2.74025e-13  1.82033e-16  9.96059e-10  4.94086e-19  1.85439e-13  4.47457e-12  1.18622e-20  7.26484e-15  9.34097e-20  4.32734e-16  
6.21403e-14  8.56362e-17  1.44336e-12  4.11102e-17  1.21195e-32  2.23774e-18  9.71574e-14  1.04039e-15  4.80173e-10  2.03573e-20  1.41447e-14  9.38235e-13  2.21116e-22  3.18252e-15  2.02419e-21  1.25607e-17  
7.52212e-12  1.5579e-15  1.45116e-12  5.79866e-18  3.7878e-30  6.15736e-17  3.33497e-13  1.26938e-16  2.58875e-09  1.78951e-18  1.05207e-13  1.14147e-12  2.52419e-20  3.10969e-15  1.3996e-19  1.87987e-15  
1.15e-13  1.83075e-16  1.41174e-11  1.3933e-16  2.75932e-35  7.3985e-19  4.17154e-13  5.05926e-16  1.18695e-09  2.39148e-20  2.50548e-14  2.98455e-13  5.19519e-23  1.79612e-16  1.14328e-21  1.64582e-16  
1.31502e-12  1.15379e-15  8.14776e-12  4.23162e-17  1.95079e-33  7.25742e-18  9.99461e-13  2.66792e-16  2.71412e-09  4.97143e-19  5.24739e-14  9.10244e-13  4.45099e-21  4.66643e-16  9.12051e-21  1.28142e-15  
2.81084e-15  7.43471e-18  7.00582e-12  2.07941e-16  9.74159e-37  2.36058e-20  9.15631e-14  6.60659e-16  2.3055e-10  2.27983e-22  4.28535e-15  2.02539e-13  1.86535e-25  6.87183e-17  6.33252e-23  3.75151e-18  
7.83838e-15  3.43955e-18  4.04453e-13  1.44231e-17  1.06423e-33  1.42896e-19  9.67742e-15  2.00267e-16  1.20835e-10  8.69977e-23  1.56472e-15  1.59264e-12  4.83353e-25  9.51885e-16  1.02803e-21  2.46099e-19  
7.51859e-16  2.16934e-17  2.06502e-12  2.15205e-16  6.40295e-34  4.68179e-20  1.53934e-15  4.59948e-15  2.40442e-11  9.39904e-24  3.25158e-16  5.5568e-13  6.4624e-26  1.17555e-15  3.41337e-22  2.82613e-21  
1.53019e-15  7.90371e-18  1.31503e-12  3.96521e-17  5.09485e-32  4.16443e-20  3.53792e-15  2.91874e-15  4.05449e-11  6.21508e-24  5.01e-16  3.60685e-12  1.09451e-25  4.28336e-15  2.47278e-21  9.27279e-21  
5.47526e-18  1.3787e-18  1.83622e-12  3.16024e-16  6.34817e-30  4.52047e-22  3.05311e-17  1.24735e-13  1.6158e-12  1.2053e-26  5.44051e-18  3.83926e-13  1.59121e-29  1.05839e-14  2.81358e-22  2.91414e-25  
8.48078e-20  2.55627e-20  2.06728e-12  2.19075e-16  1.56715e-31  7.42705e-24  5.91185e-18  1.99511e-13  2.83095e-13  2.98243e-29  1.33737e-18  1.12294e-13  7.25771e-32  1.49313e-15  1.79033e-23  2.71292e-27  
9.56548e-19  2.37685e-18  7.98974e-12  1.58931e-15  5.12699e-26  9.19627e-22  6.08302e-18  1.48958e-11  8.32769e-13  8.64414e-28  3.12114e-17  1.6501e-12  6.92162e-28  3.93394e-13  2.62162e-21  2.5356e-27  
9.72369e-18  1.482e-18  9.8986e-13  1.97625e-16  3.12531e-27  2.01971e-21  4.05488e-18  6.05728e-13  1.15178e-12  1.80638e-27  1.26028e-17  1.06289e-12  1.85424e-28  2.09056e-13  5.66537e-21  4.10844e-26  
5.45978e-17  5.84887e-17  9.5329e-12  9.83787e-16  1.69744e-24  3.25916e-20  2.57567e-18  1.64713e-11  2.48975e-12  3.95115e-27  2.83649e-16  2.39139e-12  3.31249e-25  2.41543e-12  2.32709e-20  6.1389e-26  
1.7307e-17  3.59279e-17  1.10279e-11  2.68942e-15  9.95165e-22  5.01172e-20  1.46226e-18  1.39795e-10  1.68002e-12  1.38788e-27  9.49092e-16  5.25012e-12  3.22933e-25  3.54703e-11  2.1516e-19  6.50706e-27  
3.60226e-16  3.05972e-16  1.25798e-11  3.44601e-15  3.73872e-20  3.24073e-18  1.11143e-17  1.61645e-10  8.30182e-12  1.22057e-25  2.33298e-14  5.75324e-11  1.04982e-22  2.29115e-10  2.68181e-17  7.31478e-25  
9.50584e-17  2.46789e-15  9.68177e-11  5.90058e-14  1.79571e-18  2.77429e-18  3.89486e-18  3.82792e-09  3.46065e-12  3.83437e-26  2.90111e-14  3.53856e-11  1.10194e-22  5.00478e-10  1.24212e-17  1.15588e-26  
1.23675e-17  5.1679e-16  1.67919e-10  5.12926e-14  7.54709e-19  3.14013e-19  2.03595e-18  5.37155e-09  1.60831e-12  2.52203e-27  1.28611e-14  2.35826e-11  2.18656e-23  1.22606e-10  3.69178e-18  7.06256e-28  
7.10752e-20  7.00231e-18  1.64884e-10  5.73815e-14  2.4061e-20  1.53439e-21  2.75187e-19  5.45811e-09  2.08146e-13  5.96266e-30  1.15913e-15  1.6688e-12  8.69454e-27  7.9316e-12  3.8854e-20  2.30692e-30  
1.17663e-18  7.97859e-17  3.69039e-10  1.13202e-13  1.8937e-19  2.86372e-20  2.26685e-19  1.31676e-08  7.85177e-13  9.20403e-30  4.69896e-14  7.08213e-12  2.74014e-24  6.27694e-11  5.10346e-19  8.3888e-29  
1.82924e-20  1.05736e-18  2.88275e-10  2.76059e-14  6.58581e-21  7.36689e-23  2.51338e-20  4.49444e-09  1.04328e-13  6.13262e-32  1.45453e-15  1.81449e-13  4.00581e-26  1.0931e-12  2.46509e-22  9.29892e-32  
7.4098e-21  1.54966e-17  1.40022e-10  1.98474e-13  3.21498e-19  4.57167e-22  7.43087e-22  3.26201e-08  1.97664e-14  2.0343e-31  2.05045e-16  2.27516e-14  8.49358e-27  3.62808e-12  9.5196e-22  1.72544e-32  
2.27264e-22  1.43842e-18  8.06861e-11  1.66469e-13  2.07055e-21  5.74201e-23  2.14503e-22  2.49418e-08  5.68929e-15  2.46591e-32  5.1058e-17  1.26523e-14  5.88828e-27  3.83551e-13  9.06106e-24  1.62981e-34  
5.20728e-23  4.96897e-20  1.85569e-10  4.81357e-14  6.57223e-26  1.82121e-25  5.59937e-21  5.11686e-10  5.80324e-15  9.39021e-32  2.22393e-18  2.45121e-15  5.70874e-30  7.12584e-17  3.9966e-26  3.87165e-33  
1.81686e-21  3.50191e-16  2.92267e-11  2.47238e-11  1.84898e-31  3.88803e-23  3.7037e-23  1.20704e-10  2.12246e-15  6.84446e-28  2.03949e-19  1.09729e-17  1.45966e-30  1.24395e-19  3.55423e-26  1.9564e-30  
1.87501e-21  2.32995e-17  9.01108e-12  7.08585e-13  6.12035e-42  1.56761e-25  2.17171e-21  4.68642e-16  7.74991e-15  2.29145e-27  1.0245e-22  8.25726e-20  1.26461e-37  5.40982e-24  5.73128e-31  4.16119e-31  
5.02456e-14  3.57524e-10  8.99055e-12  1.85606e-11  2.58622e-29  3.49401e-15  9.39504e-17  6.08745e-14  1.81895e-11  1.64423e-16  2.70774e-16  8.82616e-14  3.74834e-24  3.38012e-16  1.50018e-19  9.20962e-21  
1.7899e-17  8.63054e-16  5.59798e-11  7.83573e-14  3.67321e-28  1.93712e-20  2.58508e-16  3.81438e-12  4.69526e-12  6.94745e-24  8.5004e-17  5.06e-13  2.11098e-28  2.48036e-14  1.76642e-21  4.79753e-24  
8.9821e-18  3.68522e-17  2.80604e-11  8.75967e-15  8.84259e-27  6.88682e-21  4.97928e-17  1.03274e-11  2.51193e-12  5.63691e-26  8.20348e-17  1.40772e-12  3.0772e-28  1.32254e-13  4.23858e-20  2.71013e-25  
6.59514e-18  1.95182e-17  3.21666e-12  1.10618e-15  1.80818e-24  6.54288e-21  1.45104e-18  8.52541e-12  7.65393e-13  1.14538e-26  2.25223e-17  4.53452e-13  6.61971e-28  7.41279e-13  3.8428e-20  3.67494e-26  
3.51697e-16  4.66149e-16  1.80232e-12  1.71657e-15  1.66752e-21  3.32111e-18  2.90619e-18  3.6792e-11  4.46606e-12  9.51708e-25  2.30178e-15  6.20069e-12  3.22206e-23  6.06625e-11  4.21676e-18  2.82896e-24  
7.63769e-15  2.68257e-16  9.99832e-13  1.63844e-16  7.02821e-20  5.96892e-17  3.785e-17  1.43563e-11  3.25199e-11  5.25203e-24  1.30204e-13  2.08784e-10  6.15409e-20  6.19639e-10  3.18625e-16  1.67069e-22  
2.99529e-15  1.41449e-16  5.03252e-14  1.38313e-16  5.77289e-21  4.61824e-17  7.31871e-18  2.31189e-12  8.39967e-12  1.30107e-23  1.44277e-14  2.23007e-11  8.29655e-21  2.36808e-10  2.81255e-18  4.24402e-23  
7.39712e-16  1.85549e-17  1.44164e-13  1.1405e-16  1.3589e-21  9.89352e-18  8.05118e-17  3.22867e-12  1.33716e-11  1.13519e-23  3.00561e-14  4.42559e-11  1.85675e-21  1.37578e-10  2.59758e-18  4.04942e-23  
1.43288e-13  1.37634e-16  3.80627e-14  1.41052e-17  4.62566e-19  8.50797e-16  1.21693e-16  4.08286e-13  8.71277e-11  3.65831e-22  5.93593e-13  1.2532e-10  2.90203e-18  7.5094e-10  2.11825e-16  5.55919e-21  
1.80687e-13  1.12784e-15  2.28169e-13  1.34558e-16  8.18177e-19  6.92891e-15  3.68361e-16  3.63644e-12  2.00792e-10  4.06953e-21  8.47278e-12  1.05125e-10  4.51054e-17  1.67829e-09  5.90301e-16  1.05102e-19  
1.21536e-12  3.60224e-15  1.00575e-12  2.85131e-17  5.90726e-18  1.88392e-14  1.05921e-14  2.22796e-12  1.00077e-09  1.23006e-19  6.04199e-11  1.14257e-10  8.99693e-16  1.38473e-09  1.68395e-15  2.00529e-18  
1.53442e-11  4.43143e-15  3.3027e-13  1.52118e-18  5.11705e-19  6.65748e-14  2.87839e-14  6.21994e-14  2.14902e-09  2.76836e-18  5.47995e-11  2.49264e-11  5.58528e-15  1.25668e-10  1.95908e-15  9.53468e-17  
6.88524e-11  1.81178e-14  2.88607e-12  4.87986e-18  9.14078e-22  7.95026e-14  7.74e-13  9.26143e-14  1.08257e-08  2.61178e-17  8.75115e-11  1.10116e-10  2.96169e-14  5.07855e-11  2.35796e-15  2.47433e-15  
4.32869e-11  2.52731e-14  1.46622e-12  1.78843e-18  2.09569e-23  3.86973e-14  8.68238e-13  1.71151e-14  1.01226e-08  7.4899e-17  2.21912e-11  8.92562e-12  1.99902e-14  5.87655e-12  6.72202e-16  1.35704e-14  
3.95387e-10  1.43447e-14  1.76722e-13  6.21012e-20  1.10156e-29  6.14607e-14  1.0761e-11  3.96815e-18  1.15e-08  9.26249e-15  7.90007e-12  2.04055e-13  2.62346e-15  1.76443e-15  1.47604e-17  5.27632e-12  
2.51876e-13  1.08934e-17  6.42383e-13  1.9951e-18  6.63638e-50  3.06221e-20  1.49109e-12  1.41477e-21  1.58976e-09  7.15313e-19  4.45343e-16  5.78694e-17  1.06177e-24  2.11714e-22  1.50155e-26  5.39505e-14  
6.94592e-14  3.0082e-19  3.28794e-14  7.73191e-19  4.67785e-47  4.99289e-20  4.58382e-13  1.94388e-21  8.43811e-10  9.93034e-20  1.45526e-15  1.16068e-15  4.62967e-25  3.52836e-21  3.36641e-25  1.40652e-14  
1.29017e-14  6.79305e-19  2.29776e-13  7.92055e-18  1.83495e-47  1.63489e-20  6.67709e-13  1.23714e-20  5.40117e-10  2.59246e-20  1.91508e-15  1.77605e-15  5.78784e-26  3.18246e-21  2.65506e-25  2.12063e-15  
4.78591e-15  6.30912e-18  9.19043e-13  3.3186e-17  3.10592e-48  4.2345e-21  2.81202e-13  1.65208e-20  1.14288e-10  1.33889e-20  1.0295e-16  1.85149e-16  3.15415e-28  4.83424e-22  1.49708e-25  1.12746e-16  
3.46231e-18  1.36979e-19  6.01543e-12  2.51691e-16  8.9272e-52  9.64411e-24  2.32067e-14  6.99188e-20  3.82683e-12  1.11616e-24  6.54547e-18  2.42098e-17  3.88211e-32  8.08794e-24  1.31491e-28  1.12937e-20  
5.89131e-20  7.46574e-21  1.36798e-11  1.7367e-16  2.0932e-49  2.29658e-25  9.48314e-16  5.94693e-19  2.8433e-13  3.00673e-27  2.29527e-19  2.06665e-18  1.03904e-35  2.06155e-24  1.43624e-28  2.05701e-23  
7.74772e-22  1.41622e-22  1.21296e-11  6.30067e-16  1.75166e-50  4.41646e-27  1.08341e-15  1.21251e-18  1.15222e-13  1.02797e-28  2.39114e-19  6.20488e-19  9.9333e-39  5.50793e-25  3.9942e-30  3.15803e-24  
3.15796e-20  9.78128e-20  5.91999e-10  1.8634e-14  3.96487e-47  7.54915e-25  1.94681e-14  3.114e-17  8.71513e-13  5.49354e-26  3.69769e-17  3.14971e-18  6.17816e-35  4.87931e-24  1.40333e-29  2.80483e-22  
2.04377e-20  8.59158e-20  6.91012e-10  1.98451e-14  2.29614e-45  1.1668e-24  1.30396e-14  8.02321e-17  4.01701e-13  2.12196e-26  5.04876e-17  3.73119e-18  5.32591e-35  8.33705e-24  6.15591e-30  5.38186e-23  
7.39241e-20  3.41729e-18  1.39428e-09  2.11807e-13  3.37464e-40  3.07774e-23  1.68075e-14  3.45962e-15  9.20494e-13  2.83198e-25  5.74566e-16  4.8967e-17  8.98803e-34  1.8948e-21  9.37114e-28  9.84604e-23  
4.20859e-20  1.56406e-18  2.68099e-09  2.89891e-13  3.52553e-38  4.86553e-23  7.42463e-15  1.2856e-13  1.78886e-12  4.30298e-26  3.66014e-15  1.94481e-15  6.08171e-31  5.92951e-20  9.25559e-27  5.59956e-24  
1.45015e-21  3.38426e-20  1.55922e-09  7.51252e-14  6.89597e-37  1.87787e-24  3.91969e-16  1.51153e-13  3.21296e-13  3.49512e-28  7.2363e-16  3.02311e-16  3.01503e-32  1.23217e-20  1.254e-27  5.36691e-26  
1.73765e-09  7.98543e-09  1.81223e-14  2.02436e-12  2.11058e-19  8.31851e-09  5.37552e-19  2.80984e-14  1.25661e-11  1.33883e-12  7.30307e-12  1.99683e-13  5.38683e-14  1.15652e-15  2.13856e-13  5.22303e-16  
1.65404e-09  2.0803e-09  3.44771e-14  1.03396e-14  1.51623e-20  1.98211e-09  5.73877e-17  3.24755e-14  6.2084e-11  2.89092e-13  2.94711e-11  1.56203e-12  2.4902e-12  6.68527e-14  4.77814e-14  3.13087e-15  
1.1843e-08  4.29879e-11  2.44065e-14  5.37717e-18  1.61652e-17  1.95497e-09  2.07753e-13  2.9344e-15  1.05184e-09  5.6247e-13  1.28385e-09  1.02446e-10  4.26577e-10  3.95825e-12  1.22992e-11  4.171e-13  
8.86045e-09  1.77681e-12  4.41576e-14  6.21532e-19  9.68317e-19  4.3019e-10  3.44236e-12  8.46404e-16  2.7842e-09  2.79637e-13  2.77694e-09  1.19896e-10  6.10622e-11  4.26756e-12  2.22072e-12  1.19953e-12  
7.01315e-10  5.28942e-14  6.64457e-15  6.9877e-21  1.77552e-18  3.92724e-11  3.08101e-12  3.08407e-16  1.24044e-09  6.08789e-15  3.62975e-09  3.10235e-11  1.24879e-10  4.38362e-12  1.29213e-13  1.55546e-13  
2.47128e-11  2.248e-15  4.89916e-15  1.91055e-21  1.65821e-19  9.58074e-13  1.19059e-12  3.18373e-16  4.40575e-10  9.29751e-17  7.32402e-10  6.79776e-12  1.36135e-12  4.19098e-12  1.34058e-15  6.03205e-15  
1.30194e-10  7.15094e-15  1.05617e-13  1.04871e-19  2.82609e-19  7.69965e-12  1.07031e-12  2.66427e-15  2.10348e-09  1.18734e-16  9.35816e-09  7.72202e-11  3.6084e-12  5.39618e-11  1.06206e-14  1.81715e-14  
2.38775e-11  2.28912e-16  1.7297e-15  1.60283e-21  6.10568e-21  2.39558e-13  1.78817e-13  5.3507e-17  7.96174e-10  1.35436e-17  5.2069e-10  2.81407e-12  2.06887e-13  2.25605e-12  5.52471e-17  5.46493e-15  
1.71592e-11  2.14576e-15  2.16835e-13  3.88857e-19  4.43325e-20  2.2208e-13  2.44039e-13  3.82422e-15  1.55504e-09  1.12705e-17  9.01321e-10  9.65376e-12  5.84633e-15  1.59784e-11  1.4467e-16  2.37917e-15  
2.28172e-11  1.0041e-15  3.33991e-14  8.63517e-20  2.4409e-19  3.1211e-13  2.32368e-13  1.27201e-15  2.15972e-09  3.05713e-17  1.26771e-09  5.28356e-12  1.06456e-14  1.91762e-11  1.92756e-16  1.96657e-15  
2.20781e-11  6.06108e-16  7.53981e-15  4.35835e-20  5.49768e-20  1.25755e-13  5.95698e-14  4.23568e-16  4.6305e-09  1.73352e-17  7.34788e-10  3.18e-12  1.2188e-14  1.28412e-11  4.26391e-16  2.50203e-15  
1.53206e-12  2.53903e-15  1.96896e-14  5.45692e-21  2.44351e-23  5.17446e-16  2.58329e-15  2.32962e-16  9.74307e-10  2.02461e-18  1.13293e-13  1.21853e-14  6.55836e-16  3.91063e-14  1.08608e-16  9.51968e-17  
6.09585e-11  4.1996e-16  1.15965e-14  3.83568e-22  1.04474e-37  7.19206e-17  2.4841e-13  4.54053e-22  4.70881e-09  3.31537e-17  1.63755e-15  1.94503e-15  6.44064e-18  3.60613e-19  8.65942e-20  3.8842e-13  
2.80662e-10  1.55456e-15  2.01228e-14  3.64094e-22  3.84514e-48  2.41154e-17  1.85079e-12  7.09791e-26  1.46191e-09  8.15394e-15  4.36107e-17  4.62261e-19  2.28441e-21  1.44739e-24  1.92429e-24  1.94353e-11  
7.2287e-10  3.96139e-15  2.27601e-16  4.38937e-23  1.39603e-57  3.02198e-18  9.55082e-14  5.52225e-30  3.98142e-10  1.10843e-13  4.96009e-19  8.67958e-24  1.59468e-23  2.01843e-29  5.65471e-30  1.50653e-10  
6.95903e-11  4.63422e-16  1.4581e-16  1.22658e-21  1.88699e-51  1.12771e-16  2.63803e-13  7.95918e-26  4.56949e-10  1.04242e-14  1.50486e-15  2.49269e-19  7.18304e-20  2.29779e-25  4.3041e-26  4.32318e-11  
1.55581e-09  3.594e-14  4.78581e-14  3.04616e-20  7.51663e-44  1.76657e-15  5.85108e-11  4.78215e-23  6.71351e-09  1.30872e-12  6.77806e-15  8.23457e-17  6.49984e-19  4.07595e-22  7.08665e-22  2.7695e-10  
1.10944e-09  4.06323e-16  1.71688e-16  3.14929e-22  3.96503e-34  3.3433e-14  5.1119e-14  2.53461e-22  2.91488e-09  2.8582e-15  3.20591e-14  3.5737e-15  2.80963e-16  3.72665e-18  3.32713e-18  2.12491e-12  
3.35943e-10  2.62206e-15  8.35185e-16  1.61228e-21  4.11241e-29  2.87021e-14  1.00238e-14  1.29601e-19  3.71105e-09  1.46122e-16  5.46193e-14  2.8455e-14  4.94427e-15  2.55577e-15  5.18009e-17  2.00075e-14  
1.5362e-10  4.13232e-16  2.35933e-17  4.45541e-23  1.0343e-24  1.01439e-13  1.2269e-16  2.39061e-20  5.61415e-10  1.72634e-17  1.91352e-14  2.99554e-15  2.05792e-14  7.19975e-15  3.03864e-16  6.77289e-16  
3.96265e-11  8.4564e-16  3.70282e-16  7.52038e-22  1.55518e-24  7.19005e-14  1.2722e-15  1.77343e-18  1.54263e-09  9.00469e-18  3.28726e-13  6.79261e-14  7.2654e-14  2.065e-13  1.30763e-15  1.00329e-15  
7.39817e-11  4.29313e-15  1.36081e-15  1.42547e-21  2.821e-25  5.75687e-14  9.06128e-15  2.64671e-18  2.86884e-09  5.4753e-17  2.95812e-13  6.87304e-14  6.30943e-14  9.61278e-14  7.83299e-16  4.57598e-15  
1.07051e-10  1.88517e-15  8.90703e-16  4.7506e-22  4.70619e-26  3.84532e-14  4.75879e-14  5.68766e-19  4.22438e-09  1.36552e-16  2.89901e-13  8.52735e-14  3.71148e-14  3.2822e-14  6.07397e-16  2.26376e-14  
3.08578e-11  5.91742e-16  1.19342e-15  2.65519e-22  6.89505e-31  6.98851e-16  1.07674e-13  3.11891e-20  3.13292e-09  5.45315e-17  7.3709e-15  1.03764e-14  2.66964e-16  2.22717e-16  3.56122e-18  3.22552e-14  
2.84959e-10  4.52327e-16  2.51768e-16  2.7336e-23  2.20651e-33  2.13413e-15  3.73294e-13  1.46889e-22  4.05146e-09  6.60078e-16  6.107e-15  4.20095e-15  1.60102e-16  5.15977e-18  2.29685e-18  8.12331e-13  
2.96053e-11  9.45363e-16  3.26528e-14  3.07793e-21  1.77838e-38  3.60639e-17  9.21499e-12  3.80246e-21  5.08861e-09  1.3033e-15  1.36629e-15  7.23821e-16  2.85588e-19  2.10343e-19  1.46325e-21  9.95189e-13  
3.09987e-11  1.41041e-15  1.22079e-13  1.93735e-20  2.17245e-45  1.84347e-18  1.09614e-11  1.0271e-22  3.35228e-09  8.47685e-16  7.6282e-17  4.7215e-17  1.59533e-21  4.01724e-22  2.96755e-24  3.04882e-12  
2.2914e-11  2.88733e-15  1.27586e-12  1.76814e-19  7.26359e-44  2.06056e-18  2.64542e-11  2.1908e-21  3.69334e-09  7.87713e-16  1.24199e-16  3.37506e-16  3.5841e-22  2.79521e-21  1.6584e-23  1.09989e-12  
6.96279e-13  1.97364e-16  2.45764e-12  1.78692e-18  1.25234e-42  1.54249e-19  8.91306e-12  1.19267e-19  1.65114e-09  9.2208e-18  2.74588e-16  1.22734e-15  2.09266e-23  2.93322e-20  3.11146e-24  4.24424e-14  
2.99808e-12  1.26619e-16  5.94115e-13  9.51026e-19  6.17212e-39  1.72262e-18  3.77979e-12  1.66908e-19  2.28849e-09  6.04959e-18  1.54907e-15  2.25265e-14  5.25648e-23  1.4221e-18  4.35243e-22  5.52632e-14  
3.42691e-13  1.12139e-16  6.19493e-12  2.87128e-17  5.67103e-36  3.63929e-18  2.91259e-12  1.64905e-16  2.4272e-09  6.41667e-20  5.57468e-14  8.51617e-12  1.98417e-21  3.21597e-16  8.90902e-20  8.99686e-16  
6.6012e-14  5.60974e-17  1.53238e-12  2.73527e-17  1.62468e-26  7.25288e-18  5.89172e-14  4.75929e-14  7.59793e-10  5.68467e-22  3.9523e-14  8.79915e-10  7.34345e-21  2.16679e-12  2.75128e-16  6.00374e-19  
1.25167e-15  5.1681e-17  1.52967e-11  3.43124e-16  3.27093e-24  1.32605e-18  4.40609e-15  6.62106e-12  7.17678e-11  6.30549e-24  2.21559e-14  5.38309e-10  1.24989e-22  7.60747e-12  5.88661e-16  3.88442e-22  
2.81223e-17  9.86351e-17  5.93913e-11  2.25972e-15  8.8866e-20  2.4452e-19  3.1992e-17  6.11375e-10  5.69283e-12  1.55044e-25  8.24658e-15  4.13264e-11  3.09294e-23  1.48625e-11  8.73997e-16  5.77853e-26  
1.87073e-18  6.37931e-17  1.63185e-10  1.17292e-14  1.89096e-17  6.38504e-20  1.03818e-18  6.29859e-09  1.12608e-12  7.29779e-27  2.96915e-14  3.28936e-12  2.05384e-23  8.35317e-12  8.59311e-17  1.22549e-27  
5.23675e-19  2.11058e-17  8.04782e-10  7.38964e-14  9.45088e-18  9.12092e-21  1.94795e-18  1.70861e-08  1.47307e-12  2.57785e-28  1.06958e-13  3.19537e-12  2.59393e-24  7.40554e-12  1.08016e-17  7.32736e-28  
8.85354e-21  1.944e-18  5.6011e-10  6.39016e-14  2.16406e-18  3.74049e-22  5.47267e-20  4.1754e-09  8.89455e-14  2.93323e-30  1.72066e-14  2.85828e-14  2.11492e-26  1.39957e-13  5.69704e-21  2.33011e-30  
5.58706e-22  3.99003e-19  1.01046e-09  1.00412e-13  1.60896e-20  2.90795e-23  1.11474e-20  2.68313e-09  2.65514e-14  8.3132e-32  3.87878e-15  4.08767e-15  1.72373e-27  1.68902e-14  1.70137e-23  6.41338e-33  
1.22583e-22  3.48956e-17  2.25631e-10  2.24318e-12  3.61232e-20  4.14408e-22  3.3711e-23  6.38453e-09  1.95741e-15  3.00363e-32  4.82727e-16  7.58005e-16  1.05467e-28  1.20458e-13  1.22373e-23  8.657e-36  
5.97519e-24  1.74341e-16  5.26388e-11  4.23164e-11  1.15003e-21  1.17327e-22  1.72286e-24  2.02264e-09  2.12718e-16  1.49161e-32  1.50113e-17  1.16518e-17  1.17978e-33  1.3851e-14  2.90473e-24  1.50292e-38  
3.13313e-25  2.15941e-15  3.30533e-13  3.52123e-10  3.77565e-23  6.56002e-22  1.52561e-28  2.06816e-11  8.96164e-19  3.03785e-33  4.28567e-19  9.89017e-21  5.68936e-38  1.0229e-16  3.23376e-26  6.84741e-41  
1.39201e-27  7.69835e-17  2.75076e-16  4.87865e-10  5.87863e-29  3.57693e-23  1.60991e-33  1.3241e-15  9.94312e-22  3.2186e-35  2.09444e-22  5.63152e-25  3.08178e-42  7.35759e-22  2.27445e-31  8.1098e-47  
8.18759e-32  1.4078e-20  1.88613e-23  4.05737e-10  4.35943e-36  6.15162e-25  1.00062e-44  3.13421e-20  8.32992e-28  1.14823e-38  6.99365e-29  4.58963e-33  2.43363e-52  7.88025e-31  2.98932e-35  3.55024e-52  
1.32598e-35  1.57929e-24  2.82821e-29  5.52762e-11  6.30586e-43  2.84547e-26  1.25542e-53  5.62099e-25  4.45658e-33  9.80775e-41  1.63003e-34  1.10123e-38  1.28452e-57  9.63573e-39  3.866e-41  1.86047e-57  
3.72176e-33  7.97848e-25  3.64675e-34  5.02377e-11  2.30524e-44  1.26524e-23  3.39359e-58  2.40707e-27  5.95986e-34  5.05418e-36  4.71561e-36  3.43985e-40  3.47326e-53  1.11131e-43  2.104e-38  1.42917e-52  
