1.47682e-12  2.70711e-14  5.99384e-12  1.79349e-15  7.1174e-12  7.98211e-16  6.80149e-23  2.01504e-14  4.42827e-14  7.83692e-14  1.24531e-22  2.32455e-11  2.24093e-10  2.92518e-17  2.08417e-12  8.63729e-10  
9.42116e-11  1.81719e-12  9.24693e-15  1.60837e-13  2.25021e-10  1.61432e-28  8.86523e-26  9.91999e-14  3.5989e-12  5.92569e-16  4.28146e-25  5.50284e-16  2.06811e-10  6.80418e-22  6.37891e-16  1.5077e-13  
2.49391e-10  1.17663e-09  5.5848e-13  3.13733e-16  5.48574e-12  1.36058e-26  2.92703e-31  3.15981e-12  1.58658e-09  1.28727e-21  1.31507e-32  9.05168e-15  4.86498e-09  2.18063e-25  5.8796e-15  4.36371e-14  
4.07382e-10  1.0704e-08  3.20632e-12  4.5915e-17  2.95392e-11  2.72898e-29  9.0351e-30  7.70673e-12  3.07802e-08  4.17336e-21  1.40818e-31  3.87835e-16  5.35652e-09  7.56085e-25  1.28165e-15  2.2732e-14  
5.91635e-10  1.91244e-08  3.16143e-11  1.26894e-17  7.89546e-13  3.13826e-25  2.47811e-31  2.8395e-11  1.93608e-09  3.22658e-23  6.63312e-35  1.84252e-13  8.89416e-10  8.47059e-27  5.16136e-14  8.01394e-14  
2.87393e-09  1.10612e-07  1.76501e-10  2.75927e-16  2.58219e-11  1.24888e-26  6.33551e-28  2.02496e-12  6.91532e-09  5.99105e-21  1.65475e-32  2.40506e-14  3.89163e-10  1.29992e-25  2.26956e-14  1.5739e-13  
4.55209e-09  1.54798e-07  1.13014e-08  1.41907e-16  7.5332e-13  3.38605e-21  1.97804e-29  1.97968e-13  1.50757e-10  1.12522e-22  2.55934e-36  2.77694e-11  6.24133e-11  1.96621e-27  1.24597e-12  1.7508e-12  
4.49963e-09  4.10805e-07  6.86839e-10  6.45102e-16  6.66531e-12  1.13767e-24  4.85736e-27  5.81165e-13  7.96022e-11  5.6484e-22  2.58065e-34  4.83041e-13  4.27011e-11  5.28904e-27  9.25239e-14  2.68626e-13  
8.24787e-10  1.96147e-07  1.175e-10  3.27097e-17  3.35226e-12  8.63303e-27  2.8061e-28  1.11904e-13  6.70234e-11  4.41936e-23  4.71506e-35  4.27663e-14  5.89103e-12  8.59217e-28  4.82581e-15  4.1045e-14  
1.57355e-09  5.44296e-07  2.43399e-10  5.60005e-17  3.24395e-12  6.28275e-26  1.36682e-28  6.14248e-13  4.6865e-11  1.79829e-23  1.56564e-35  1.09939e-13  2.71936e-11  1.04383e-27  1.43264e-14  4.80256e-14  
8.39728e-10  7.05773e-07  5.53403e-10  8.12766e-17  7.11861e-12  1.1736e-24  1.58495e-27  6.4735e-14  7.54248e-11  3.06822e-22  2.60231e-34  2.21673e-13  5.14951e-12  1.29637e-26  1.61881e-14  4.60389e-13  
6.21066e-10  3.10554e-07  3.32121e-10  3.27793e-17  7.31089e-13  5.72793e-24  6.54553e-28  2.45349e-14  1.25507e-12  7.21676e-24  5.23208e-36  7.13915e-13  5.59951e-13  6.61736e-28  9.73835e-15  1.98291e-13  
5.52449e-10  4.82302e-07  1.68875e-10  5.43696e-17  8.39043e-12  2.19419e-26  8.13743e-28  1.1976e-14  1.26504e-11  1.1135e-22  1.14994e-34  2.06183e-14  2.45107e-12  5.77173e-27  5.1152e-15  1.29471e-13  
4.5193e-10  3.25484e-07  5.25462e-10  8.75353e-18  8.05125e-13  1.02959e-24  1.06758e-28  2.19803e-14  2.80267e-12  5.67827e-24  2.12945e-36  3.70225e-13  5.48607e-13  4.0579e-28  7.70585e-15  1.26281e-13  
8.11793e-10  4.02744e-07  8.13231e-10  2.52797e-17  2.19172e-12  9.71293e-25  1.7779e-28  6.32932e-14  1.43848e-11  4.58166e-23  1.36632e-35  3.39616e-13  2.75512e-12  1.77734e-27  3.02758e-14  2.57717e-13  
2.77014e-10  1.28902e-07  3.73251e-10  2.0199e-18  2.04787e-13  1.31796e-24  2.05195e-30  8.23645e-15  1.35853e-13  4.02314e-25  4.44191e-38  2.9963e-13  5.31904e-13  4.74136e-29  2.50654e-14  8.60913e-14  
8.16364e-10  2.0783e-07  1.5278e-09  7.83669e-18  4.06907e-13  9.79067e-24  1.22118e-30  3.23058e-14  1.3093e-12  1.67277e-24  6.06057e-38  1.63578e-12  4.24512e-12  7.93574e-29  8.90316e-14  1.38858e-13  
6.99121e-10  1.43375e-07  4.11719e-10  1.35921e-17  9.12343e-13  1.13555e-24  9.85339e-30  5.99082e-14  6.55557e-12  1.18232e-23  1.31733e-36  4.0223e-13  8.99696e-12  3.63451e-28  7.34832e-14  1.58177e-13  
1.45858e-09  6.79287e-08  2.6798e-09  1.97731e-17  7.86327e-13  3.50824e-23  4.46215e-30  3.85894e-13  2.10422e-10  1.0102e-22  2.25505e-36  2.48585e-12  5.23437e-11  1.07176e-27  6.75943e-13  6.65142e-13  
1.31843e-09  2.04249e-08  1.25674e-10  7.948e-17  3.00733e-12  1.81094e-26  1.14316e-28  6.6072e-12  3.39666e-11  9.9532e-22  7.76651e-35  5.93473e-14  1.49975e-10  1.33727e-27  5.84046e-13  8.32584e-14  
1.86632e-08  3.60344e-10  1.60992e-09  6.98282e-15  1.72001e-12  2.32404e-22  2.94455e-27  2.89545e-10  2.71132e-10  1.5425e-19  1.63551e-33  1.30061e-11  1.15001e-09  1.7921e-26  3.97045e-11  2.06029e-12  
5.06085e-09  5.84209e-11  7.16123e-10  2.29831e-15  3.61308e-13  8.14476e-21  7.83174e-27  1.60764e-09  2.24027e-11  1.83531e-19  2.31688e-33  4.48235e-11  6.99224e-10  3.90973e-26  1.35196e-10  5.25395e-12  
2.50374e-08  1.48588e-10  6.99174e-09  1.28717e-14  3.38963e-13  2.47658e-20  6.58105e-30  6.2291e-12  2.08023e-11  1.85041e-21  2.76367e-36  2.62958e-10  3.92518e-08  1.06385e-27  3.53646e-11  7.18363e-13  
7.43484e-08  1.12134e-09  2.50529e-09  2.16011e-14  5.26378e-12  3.8617e-23  3.00226e-28  7.57572e-10  3.88742e-10  3.31974e-20  4.80683e-34  6.9935e-12  2.56172e-07  2.40741e-26  2.78848e-11  3.63664e-13  
1.78259e-08  4.94092e-10  2.83489e-09  1.46427e-14  1.21737e-12  4.54083e-21  6.78863e-28  2.65677e-10  8.7059e-10  6.50727e-20  3.34641e-34  6.562e-11  1.31644e-08  2.06408e-26  1.88281e-11  1.46044e-12  
1.49777e-08  6.72341e-10  1.87689e-09  7.11612e-15  8.38358e-13  5.03614e-22  1.33753e-28  3.35446e-10  1.64608e-10  1.36262e-20  3.07306e-35  2.92758e-11  9.41181e-09  2.49007e-27  2.68555e-11  5.56587e-13  
1.68842e-08  7.67492e-09  8.99371e-11  1.48751e-14  1.73587e-11  2.30612e-26  1.96637e-25  3.32878e-09  7.10676e-10  2.51699e-19  3.40183e-32  1.24477e-13  1.05868e-08  4.0773e-26  2.0303e-12  1.15521e-13  
9.90472e-09  1.24011e-09  9.93732e-11  9.08107e-15  4.72618e-12  1.79636e-24  1.57683e-26  3.06101e-09  1.18453e-10  9.15121e-20  5.71697e-33  1.60906e-12  1.2153e-08  1.63039e-26  1.15807e-11  3.41108e-13  
1.04545e-08  9.47521e-09  1.66366e-11  3.57706e-14  3.24508e-11  1.34933e-26  3.21752e-24  1.46003e-08  3.9094e-10  6.63418e-19  6.83704e-31  8.184e-14  1.6851e-08  1.55124e-25  1.2279e-12  1.41489e-13  
6.67421e-09  6.74073e-09  1.6759e-11  3.37897e-15  1.67553e-11  3.11465e-27  6.70681e-27  5.45032e-10  1.96834e-10  2.57421e-20  2.51294e-32  4.45752e-14  5.08314e-08  3.61197e-26  7.02455e-13  4.84351e-14  
4.64936e-09  2.7686e-09  7.11463e-11  8.63918e-16  3.54108e-12  1.55033e-25  2.65475e-28  6.06739e-10  1.53176e-09  9.10566e-21  1.8964e-33  4.2429e-13  3.74551e-08  1.66809e-26  5.66093e-13  8.93648e-14  
1.28711e-08  5.35644e-09  1.42768e-11  3.30731e-14  8.51346e-11  2.0447e-27  1.2367e-25  8.16802e-11  7.06799e-10  4.14954e-19  7.20551e-31  2.22957e-14  7.57477e-08  4.79786e-25  1.08684e-13  5.97386e-14  
1.57184e-08  2.30743e-09  1.12673e-10  4.37079e-14  4.53552e-12  4.7018e-23  6.99754e-27  9.45654e-11  4.14577e-11  1.72093e-20  3.67991e-33  8.88535e-12  1.07908e-07  4.31622e-26  2.05113e-12  2.4259e-13  
3.14214e-08  2.54977e-09  2.14062e-11  6.28125e-13  2.67233e-10  2.82545e-27  4.58256e-25  2.65355e-11  1.72786e-11  1.77011e-18  2.94674e-30  9.70642e-14  1.06973e-06  8.50552e-25  4.25915e-13  5.25115e-14  
5.026e-08  2.24775e-09  1.13612e-10  3.38849e-13  5.10878e-11  1.32731e-24  4.86717e-26  7.77226e-11  6.22214e-11  3.45838e-19  1.17587e-31  1.20273e-12  6.88472e-07  4.0637e-25  1.76266e-12  1.53783e-13  
4.26068e-09  8.62599e-10  8.16793e-13  1.0731e-13  3.35932e-10  1.07758e-30  1.56279e-26  3.58824e-12  6.84779e-12  6.89282e-19  1.74424e-30  7.99836e-16  4.88733e-07  6.84994e-25  3.49463e-14  5.64868e-15  
6.93416e-10  1.02369e-09  2.86023e-13  2.46696e-15  1.83969e-11  1.9484e-29  1.65646e-29  9.30423e-13  1.03853e-10  4.75878e-21  3.50313e-32  3.37406e-15  1.13496e-07  4.80961e-26  3.23664e-15  4.22829e-15  
3.7874e-10  9.46104e-10  2.50621e-14  4.9735e-14  3.03574e-10  1.764e-30  3.14772e-27  4.63253e-13  3.12834e-10  3.61486e-19  4.31643e-29  5.07089e-16  3.43568e-08  1.82767e-24  2.30056e-16  1.07679e-14  
2.541e-10  7.27186e-10  1.50409e-14  1.3371e-14  5.14298e-11  3.14954e-30  1.71498e-29  2.93472e-13  8.61041e-11  1.06166e-20  2.34409e-31  4.68151e-16  2.49801e-08  1.28833e-25  8.98244e-16  4.02617e-15  
2.56961e-11  4.05104e-10  3.77471e-17  1.5152e-13  8.41742e-10  1.48925e-34  4.31688e-25  5.09368e-15  8.84149e-13  2.59623e-18  3.42422e-27  1.5384e-18  2.19979e-10  5.27724e-24  3.38414e-18  1.29664e-15  
3.42574e-12  7.84729e-11  3.68489e-19  1.08737e-13  6.9026e-10  1.63777e-38  1.61837e-26  2.24329e-16  1.68289e-14  4.44835e-19  4.2448e-28  1.78264e-20  6.58718e-11  5.70867e-25  2.15154e-19  7.22577e-17  
1.82485e-11  3.07481e-09  8.86681e-18  1.24113e-12  4.80468e-09  4.93425e-35  2.38618e-23  1.91609e-15  2.59565e-13  9.15381e-18  5.08461e-26  4.8476e-19  1.18237e-10  2.78039e-23  3.80556e-19  1.19418e-15  
7.363e-12  9.29486e-10  5.155e-17  2.17636e-14  3.97437e-10  3.76432e-34  2.82304e-27  6.87891e-17  1.07528e-12  1.22848e-19  8.61163e-29  4.74193e-18  3.1487e-11  6.41818e-25  6.79826e-19  1.14881e-15  
2.33352e-11  1.27628e-08  2.70422e-16  8.13921e-13  2.89807e-09  1.31841e-31  2.84967e-25  1.85807e-16  1.05495e-11  1.22269e-18  9.42337e-28  9.0836e-17  1.30124e-10  5.76055e-24  1.21125e-18  7.18111e-15  
1.29183e-11  4.41702e-08  1.67981e-16  6.8144e-13  5.47001e-09  1.21721e-32  1.51594e-23  2.04788e-16  8.43243e-13  2.73063e-18  1.06088e-26  3.16609e-17  3.72595e-11  1.62039e-23  4.9549e-19  5.36196e-15  
1.9645e-11  1.4081e-07  1.85397e-15  3.22541e-13  2.99136e-09  5.54743e-30  1.38853e-23  1.00935e-14  1.02848e-12  1.84854e-18  7.14447e-27  6.5736e-16  2.46564e-10  2.18679e-23  1.42481e-17  2.99137e-14  
2.14096e-11  1.69308e-07  8.63399e-16  1.03183e-11  3.53054e-08  2.97246e-30  3.72822e-20  4.19951e-15  2.71594e-12  3.79468e-16  1.29202e-23  4.90262e-16  3.98592e-11  1.76591e-21  1.16646e-18  7.28128e-14  
1.24023e-11  8.38548e-08  5.29152e-17  3.32529e-11  3.84386e-08  1.10387e-31  6.58523e-20  3.36673e-15  2.23942e-13  2.11221e-16  1.93704e-23  7.93989e-17  5.38698e-11  1.19097e-21  3.10197e-19  1.85138e-14  
2.00701e-12  1.65105e-08  4.19886e-19  4.83578e-11  5.00474e-08  2.93479e-36  3.90483e-19  1.29384e-16  1.82003e-16  2.97286e-16  3.94679e-23  3.29394e-19  7.71989e-12  8.25219e-22  1.35888e-20  8.35879e-16  
1.13773e-12  3.76997e-08  3.75083e-17  1.33779e-11  4.18683e-08  6.16156e-34  6.61069e-22  2.30551e-18  4.62045e-16  4.69981e-17  5.49442e-25  1.09538e-17  7.71603e-12  2.78756e-22  4.43833e-20  1.88343e-15  
1.20539e-12  9.99181e-09  1.43609e-18  4.75279e-11  6.28572e-08  9.52152e-37  4.83759e-20  2.02e-19  5.65435e-19  1.5823e-17  3.93222e-25  1.28068e-19  4.38022e-13  1.22532e-22  8.75716e-22  5.76668e-17  
5.31781e-14  4.39116e-09  1.28764e-19  2.04651e-11  1.13129e-07  2.78538e-36  3.5579e-18  1.12409e-20  3.30684e-20  3.93108e-16  2.81799e-23  1.6933e-20  3.11037e-14  2.95665e-21  2.97511e-22  6.53276e-16  
3.80581e-14  1.4176e-09  4.79545e-21  1.35893e-11  1.15305e-07  5.2793e-38  3.43737e-18  3.56962e-20  5.65008e-22  3.47804e-16  1.71062e-23  1.65903e-22  8.59198e-15  3.69282e-21  6.36647e-23  1.86456e-16  
1.07147e-14  3.37026e-12  9.02319e-23  9.15831e-11  3.44534e-08  4.0457e-39  3.13493e-17  9.5927e-20  9.70224e-27  2.67342e-15  3.74793e-23  2.99535e-24  2.76425e-14  7.90107e-21  9.8969e-22  8.56617e-18  
4.77189e-19  2.50667e-15  1.88265e-22  2.86657e-13  5.21122e-08  5.41331e-33  3.96473e-19  1.85148e-25  2.51946e-26  1.7475e-12  1.8503e-19  2.78429e-23  8.74308e-14  5.46857e-16  1.04879e-21  4.70313e-15  
1.96775e-16  1.12772e-16  3.48211e-24  6.75757e-12  8.33696e-09  8.34323e-35  1.49453e-15  3.87638e-23  2.10885e-28  8.39112e-11  1.23064e-16  6.65773e-22  2.00964e-14  5.4117e-16  1.85921e-20  4.89448e-15  
6.82644e-14  1.1747e-12  2.24527e-14  1.02343e-13  3.32592e-09  1.46152e-19  4.80653e-16  6.22003e-17  1.58886e-16  4.37032e-10  8.0085e-16  1.38687e-14  3.81831e-11  1.64334e-13  1.10301e-15  7.58279e-10  
2.16961e-11  4.42672e-10  1.32189e-16  2.72514e-11  2.93448e-08  1.58865e-31  1.7698e-18  3.89051e-14  3.27883e-14  3.14941e-13  2.90877e-21  4.56072e-18  7.27088e-10  1.86104e-19  3.81805e-17  7.11573e-14  
1.47882e-11  1.04606e-09  2.25504e-17  5.62666e-12  7.5025e-09  1.44359e-33  7.05182e-22  5.13708e-15  5.00406e-14  5.93419e-16  3.24719e-24  6.68537e-18  4.38006e-10  3.49061e-22  6.86106e-18  8.76193e-15  
2.34601e-12  1.55343e-09  9.58079e-18  3.37047e-13  1.54009e-09  5.48256e-33  2.26866e-23  3.87073e-16  4.10257e-15  3.06408e-18  1.8619e-26  2.02645e-18  4.89146e-11  2.05182e-23  1.37928e-18  5.06012e-15  
1.02279e-11  5.26845e-08  2.42778e-15  4.13555e-14  1.21806e-09  2.30375e-29  5.58099e-24  5.57821e-15  7.13313e-13  7.85353e-19  1.83893e-27  1.69516e-16  1.80837e-10  2.26819e-23  1.69497e-17  6.49888e-14  
4.50988e-11  2.99459e-07  8.10166e-14  3.52878e-15  1.20106e-10  1.70814e-27  1.74303e-27  1.22711e-13  1.03659e-11  1.50142e-21  4.09376e-31  5.96696e-15  8.92325e-10  2.11344e-25  2.75648e-16  4.19612e-14  
2.84213e-11  1.10229e-07  2.96728e-13  4.91577e-17  4.38446e-11  4.65566e-28  5.90443e-28  4.93553e-14  6.87497e-10  1.74043e-21  1.37799e-31  5.74007e-16  2.26832e-11  6.05771e-25  3.89643e-17  5.73495e-14  
1.14349e-10  1.41248e-07  1.4575e-13  4.18885e-16  9.42087e-11  7.91634e-30  7.00136e-26  2.22853e-12  4.7887e-10  7.79183e-21  2.82847e-30  1.62206e-16  1.17913e-10  6.56615e-25  7.80609e-17  1.88581e-14  
1.85534e-10  4.00141e-07  1.29541e-11  2.07402e-17  4.16899e-12  1.04459e-25  3.21545e-29  4.32135e-13  4.68163e-10  3.01803e-23  3.62461e-34  1.0073e-13  1.11418e-10  1.53569e-26  9.12145e-16  5.81584e-14  
4.42005e-10  1.14571e-06  5.38938e-11  1.83597e-16  2.93333e-11  2.25355e-25  3.10303e-26  3.50841e-12  1.90652e-10  4.05947e-21  4.22777e-32  9.5431e-14  1.69694e-10  2.54734e-25  1.33955e-14  3.94947e-13  
4.18157e-09  9.86785e-07  3.24429e-10  6.15731e-15  1.56638e-11  1.074e-23  5.10727e-24  7.76646e-11  5.17987e-11  2.02561e-20  5.35104e-32  1.79409e-12  1.31958e-10  1.13724e-25  1.9405e-13  7.63022e-13  
2.17859e-09  8.96281e-08  9.24939e-10  1.45774e-15  6.26858e-13  1.23915e-21  9.81006e-26  3.53239e-11  3.23147e-12  1.75388e-21  8.87003e-35  2.64386e-11  2.42159e-11  2.74744e-27  2.31739e-12  1.20817e-12  
2.04866e-08  4.44351e-08  1.34418e-08  1.59807e-14  2.47401e-12  7.034e-21  9.70914e-27  1.89527e-11  2.72918e-10  2.11003e-20  9.52907e-35  1.17723e-10  4.25633e-10  5.36955e-27  1.28679e-11  2.3768e-12  
1.49523e-08  1.10377e-08  1.16735e-08  7.59753e-15  5.85124e-13  1.23501e-20  5.21386e-27  2.9664e-12  9.14942e-12  5.33546e-21  6.58975e-36  4.61882e-11  1.68899e-10  2.06915e-27  5.79359e-11  3.57833e-12  
1.77886e-09  3.74159e-11  9.02647e-09  2.38972e-16  3.6084e-15  8.41028e-19  1.23106e-29  4.60834e-11  1.73539e-13  2.25692e-22  8.55161e-39  4.74167e-10  4.03572e-11  4.43903e-29  1.26744e-09  4.30877e-12  
3.78106e-08  5.22144e-12  4.11777e-10  1.92039e-15  2.48705e-12  1.49957e-26  1.72415e-28  3.28498e-13  3.62602e-16  8.91198e-22  9.61224e-35  1.75146e-13  2.81583e-07  1.56366e-27  2.81364e-12  1.41058e-14  
4.0129e-09  9.14843e-12  8.05491e-11  6.63686e-18  2.8509e-13  2.5837e-28  1.03861e-31  1.56639e-12  1.4647e-15  6.44263e-24  1.19083e-36  1.31186e-14  4.43396e-07  2.28403e-28  8.83785e-13  2.10811e-15  
3.8875e-09  1.56434e-11  9.95844e-12  1.55371e-16  2.97475e-12  2.26316e-29  8.01287e-29  1.48311e-11  5.55531e-16  2.98094e-22  2.59532e-33  3.68117e-15  1.55103e-06  7.66328e-27  5.5482e-13  2.52748e-15  
1.20232e-09  5.22394e-12  1.91878e-13  6.30391e-15  1.10069e-11  1.76294e-29  3.19223e-26  2.83538e-11  2.50944e-16  6.52714e-21  7.19138e-30  5.65791e-15  1.39383e-06  1.38111e-25  1.12793e-13  8.03024e-15  
5.92603e-11  2.72156e-13  3.8949e-17  6.60308e-14  5.66102e-11  3.74713e-35  1.00906e-25  1.04177e-12  6.93843e-18  9.4771e-20  7.58407e-28  4.16778e-18  2.99502e-07  5.41462e-25  4.44958e-16  3.29908e-16  
1.52813e-12  1.50021e-14  2.64884e-21  7.05366e-13  2.99974e-11  5.68248e-39  3.77487e-25  1.77537e-14  1.4557e-22  2.8158e-19  5.8277e-28  6.68012e-20  7.22006e-09  8.67104e-26  6.70985e-17  4.76172e-17  
3.6997e-13  6.12795e-15  5.62483e-22  4.71899e-13  7.22621e-11  1.55822e-43  3.61701e-23  7.17839e-15  6.98884e-24  9.74223e-18  1.91091e-26  3.47277e-22  4.87343e-09  6.75232e-25  1.76553e-17  3.57683e-18  
1.21611e-11  4.38137e-14  2.25031e-20  2.63775e-10  1.25574e-09  3.39534e-39  2.42139e-17  6.25651e-12  1.49558e-23  6.38823e-14  1.67487e-22  2.89436e-20  5.7608e-09  3.26152e-22  1.48746e-15  1.9341e-16  
7.44876e-12  1.88525e-14  3.59927e-21  3.34155e-10  6.10468e-10  1.11127e-39  1.93982e-17  9.07316e-12  8.41503e-23  1.3909e-13  1.59151e-22  2.00546e-20  6.51429e-10  2.47644e-22  9.11837e-16  1.9433e-16  
8.39213e-12  2.77205e-13  4.62569e-20  1.42293e-09  4.26398e-09  7.74868e-38  9.78859e-15  2.36752e-11  6.98842e-21  1.80414e-11  1.45025e-19  9.15662e-20  8.28118e-10  5.03595e-20  1.08854e-15  2.15353e-15  
2.81655e-11  2.08533e-12  1.32198e-19  1.50117e-09  1.48213e-08  5.84578e-38  3.29928e-16  9.20951e-12  2.63289e-21  4.11704e-12  8.2583e-21  3.2139e-20  7.25803e-10  1.78934e-20  8.01853e-16  9.8612e-16  
8.01031e-12  8.65095e-13  1.30963e-21  1.36161e-09  6.91058e-09  5.58544e-41  1.35804e-15  5.46829e-12  1.71173e-24  6.89233e-13  7.83627e-22  6.67021e-22  3.21373e-11  1.18628e-21  1.55179e-16  9.05182e-17  
9.26853e-19  2.25713e-14  1.81011e-13  1.86737e-21  1.17211e-13  8.7822e-11  3.87467e-25  7.33515e-18  1.95749e-17  2.39289e-17  3.2711e-25  1.05736e-10  3.07351e-14  3.56788e-17  2.60564e-13  1.44475e-08  
4.8549e-16  5.88278e-13  1.56513e-11  4.40245e-20  2.58734e-14  3.9822e-12  1.34923e-29  2.99479e-15  1.09835e-14  1.92359e-19  2.5409e-31  2.3078e-10  1.82991e-14  2.24149e-21  3.59073e-12  4.4454e-09  
6.1988e-13  1.07872e-12  3.07337e-09  4.61375e-20  3.62319e-17  3.42802e-13  7.72405e-35  1.677e-12  1.12609e-11  5.41369e-24  1.38219e-39  5.90127e-09  8.36368e-15  2.21823e-27  9.27145e-11  2.77731e-10  
1.71337e-11  2.68194e-12  1.32389e-08  3.10985e-19  3.47168e-17  5.71866e-15  8.21147e-35  2.25198e-11  6.5063e-11  2.71248e-24  1.16448e-40  6.99639e-09  3.0624e-14  5.36807e-29  1.69004e-10  5.14033e-11  
3.86329e-12  6.13645e-13  6.74882e-09  2.5605e-20  4.73957e-19  7.89659e-17  3.78213e-38  9.27958e-13  8.48271e-12  4.46966e-27  8.9221e-46  7.32723e-10  1.14442e-15  8.43229e-32  4.14451e-11  2.69452e-12  
4.45225e-12  1.05481e-12  9.81383e-10  4.10524e-20  9.8936e-19  6.56384e-20  8.87799e-38  8.11132e-13  1.72746e-12  2.73752e-27  2.31444e-46  1.17236e-11  1.96018e-16  1.64884e-32  1.10015e-11  3.69352e-13  
9.93698e-11  9.58966e-11  5.23628e-09  1.60139e-18  2.86345e-16  1.5731e-19  1.16757e-34  2.45373e-11  1.52136e-11  2.61766e-25  2.59124e-42  7.45152e-11  3.32188e-14  6.6231e-31  3.69747e-11  1.62133e-12  
1.85053e-11  4.30271e-11  1.9464e-09  2.54871e-20  6.03027e-18  6.7988e-21  6.61784e-37  2.00645e-12  2.87986e-12  1.85879e-27  2.82841e-46  1.05462e-11  1.05301e-14  2.42186e-32  6.96845e-12  1.3869e-13  
6.78383e-10  2.5853e-09  9.41999e-10  8.27863e-17  1.71867e-14  9.49172e-22  5.13178e-29  2.56483e-10  9.37689e-12  6.90919e-23  4.22063e-38  9.40411e-12  6.17217e-13  6.45559e-29  1.02445e-11  9.1737e-13  
7.60207e-10  2.43555e-09  6.06969e-09  9.17957e-18  2.1575e-15  3.51659e-21  3.6542e-30  1.28731e-11  3.10481e-12  5.08671e-24  7.80693e-40  2.04585e-11  4.84234e-13  2.78754e-29  2.21395e-12  4.6599e-13  
1.31776e-09  5.42831e-09  2.0161e-08  1.7664e-18  9.40784e-16  9.18008e-21  4.34822e-31  5.82431e-13  2.41737e-15  2.65769e-25  5.21494e-41  3.15931e-11  1.92379e-12  2.03238e-29  3.05658e-12  2.25417e-13  
1.83599e-11  2.06324e-11  1.13873e-10  8.12384e-17  3.11741e-16  1.76118e-20  3.23816e-29  1.88138e-18  6.32574e-21  6.72226e-25  3.02207e-40  3.41602e-12  1.12477e-13  8.95642e-30  4.09219e-12  2.63685e-13  
1.23756e-10  4.71985e-14  1.54831e-09  1.51355e-18  1.3628e-17  3.64804e-19  1.73075e-37  7.15555e-18  5.05267e-19  8.51714e-28  2.69004e-45  7.23545e-11  4.16229e-12  7.50855e-33  1.2745e-10  1.4308e-13  
3.53137e-11  4.15316e-17  4.50274e-10  5.49966e-18  7.63935e-18  1.502e-17  5.27042e-35  1.42109e-16  2.85162e-20  7.40408e-26  4.30073e-43  6.94097e-10  4.68323e-13  3.81801e-32  2.32763e-10  6.39074e-13  
6.63704e-12  2.63285e-19  1.48851e-08  1.18308e-20  6.67809e-20  1.78524e-15  1.38153e-38  1.45576e-21  1.93125e-22  4.21155e-28  2.8176e-47  5.25448e-09  2.69822e-14  1.37818e-32  6.88772e-12  6.09795e-13  
1.34104e-12  2.5727e-16  2.82484e-09  8.19031e-22  8.89256e-19  1.37544e-18  5.03392e-39  2.15592e-16  9.22413e-21  4.21408e-27  3.07661e-45  1.06897e-10  1.08539e-12  3.52528e-31  7.03561e-11  2.37814e-13  
9.70519e-10  9.67692e-15  3.76342e-08  2.76014e-17  2.19836e-16  2.95016e-17  2.58686e-31  2.67913e-13  1.22165e-15  1.67516e-22  1.00124e-38  4.55119e-09  2.64048e-11  6.30052e-29  7.54458e-10  6.50021e-12  
1.08156e-11  4.54559e-14  2.47656e-08  8.37917e-22  5.95266e-19  1.52758e-17  2.02943e-40  1.16311e-17  7.14077e-17  2.01022e-28  4.80009e-47  1.01588e-09  1.25783e-13  3.9009e-33  7.12181e-11  7.07173e-13  
6.59966e-11  8.87615e-13  1.13283e-07  1.27828e-20  5.56314e-18  3.9696e-18  1.65089e-38  7.32805e-21  9.52756e-16  1.8525e-27  1.90742e-45  4.65564e-10  1.69459e-14  2.81108e-32  9.87087e-12  1.29873e-12  
9.53498e-13  1.76277e-13  1.23229e-08  8.82744e-23  5.12934e-20  1.48011e-17  1.95859e-40  1.16624e-22  1.41069e-18  3.85619e-30  7.78771e-49  3.10185e-10  4.47006e-17  2.9746e-34  1.18097e-12  5.80829e-13  
7.26911e-12  4.1231e-12  1.05756e-08  2.49555e-21  2.36007e-18  5.23579e-19  4.08183e-38  6.17449e-21  6.56427e-18  1.42551e-28  1.75121e-46  2.80128e-11  1.09311e-15  6.15376e-33  8.1625e-12  7.95411e-13  
2.49107e-11  3.2125e-12  2.50888e-08  3.31976e-20  5.66905e-18  2.11613e-18  8.40856e-37  2.23239e-20  5.81186e-17  2.62027e-27  2.47905e-45  7.59171e-11  3.40697e-15  4.23792e-32  1.75965e-11  1.60424e-12  
4.31219e-11  1.75182e-12  4.47797e-08  2.02595e-20  1.87837e-18  1.74244e-18  9.44362e-38  2.1317e-19  2.43374e-16  7.67756e-28  2.01333e-46  1.18046e-10  7.83152e-15  1.24965e-32  3.18267e-11  8.90176e-13  
1.01926e-10  1.39052e-13  2.43986e-08  4.68189e-20  1.63626e-18  1.15042e-19  9.40983e-39  5.65848e-20  1.34576e-16  5.05296e-28  5.29479e-47  2.12803e-11  2.0552e-14  6.84506e-33  2.08715e-11  2.46697e-13  
2.21108e-11  6.22424e-15  2.36273e-08  2.50939e-21  4.6886e-20  7.99393e-18  4.31719e-42  5.14087e-19  6.63505e-17  9.29228e-30  9.98979e-50  3.40096e-10  1.83051e-14  3.16757e-34  6.87042e-11  2.34538e-13  
3.77996e-09  1.08252e-13  2.301e-08  4.96641e-17  2.55295e-16  1.05139e-20  6.24424e-33  1.13971e-15  5.71054e-15  7.89805e-24  1.98723e-41  3.36525e-11  3.60307e-12  2.16424e-30  7.69751e-11  3.69595e-13  
1.13851e-08  1.68325e-14  9.86169e-09  1.52374e-16  1.76611e-15  9.33449e-21  7.51905e-34  1.75039e-15  2.24655e-15  5.67186e-24  7.52219e-41  2.2592e-11  7.42576e-11  7.34334e-30  5.10975e-11  2.60188e-13  
3.54384e-08  1.43853e-13  1.94038e-09  1.50022e-14  7.66584e-14  1.72975e-21  2.2852e-29  4.54468e-13  2.76974e-14  2.62609e-21  2.55181e-36  2.20113e-11  7.91833e-10  3.61508e-28  5.70334e-11  5.04879e-13  
8.17385e-08  4.25646e-12  2.55581e-10  4.94425e-14  2.48934e-12  3.70645e-25  1.04314e-27  5.64421e-12  2.39216e-13  2.01914e-20  1.82429e-34  2.09666e-13  1.52891e-08  4.91114e-27  9.54005e-12  8.01392e-14  
2.96309e-08  2.69386e-11  1.48921e-10  3.95883e-15  7.22425e-13  1.39776e-24  1.79934e-29  3.29378e-11  1.61647e-12  8.82057e-22  2.49233e-35  1.13751e-12  5.61264e-08  1.18971e-27  1.19538e-11  8.25548e-14  
1.63724e-08  6.26403e-10  3.65028e-11  1.88344e-14  1.55256e-11  2.42342e-26  8.05104e-30  1.22995e-11  3.04961e-11  4.65114e-21  3.98858e-33  1.9134e-13  1.61499e-06  1.92576e-26  1.3531e-12  3.51403e-14  
2.32194e-09  6.47337e-09  7.47906e-12  1.83555e-15  8.90499e-12  3.59952e-27  7.38991e-32  4.4901e-14  1.30311e-10  1.06868e-22  7.16472e-34  3.06904e-14  1.05666e-07  1.189e-26  1.65702e-14  1.28001e-14  
2.10366e-10  8.62406e-09  8.04138e-15  1.95143e-13  1.82794e-10  6.81792e-30  4.52023e-27  1.00857e-13  1.3842e-12  2.52084e-20  3.81037e-29  1.2697e-15  2.12739e-08  3.82711e-25  7.21583e-16  1.04683e-14  
8.11124e-12  5.62423e-09  9.06464e-18  8.6061e-12  8.33428e-10  4.67732e-31  7.87285e-22  5.90657e-15  8.83017e-18  5.47564e-19  6.24347e-26  5.88905e-17  4.92318e-10  1.08144e-23  2.40324e-17  9.05535e-15  
8.18864e-13  3.97828e-09  7.25754e-19  3.55495e-11  3.06265e-09  3.05483e-32  2.19642e-18  2.09469e-15  5.62698e-22  4.33933e-18  2.10541e-24  3.39017e-18  1.39941e-11  8.26323e-23  4.51532e-18  3.67469e-15  
3.78125e-12  1.98469e-08  4.26336e-18  2.50494e-10  2.63826e-08  1.48533e-34  5.0948e-17  1.20241e-15  1.15916e-20  1.56241e-16  4.6773e-23  2.7552e-18  2.96828e-11  4.65317e-22  1.80487e-18  1.16504e-15  
5.61218e-13  2.4157e-09  7.14257e-20  2.67136e-10  2.17764e-08  4.77706e-37  5.72516e-15  9.38006e-16  2.29291e-23  3.16499e-16  1.89406e-22  4.36055e-20  9.68485e-14  5.89179e-22  6.44913e-20  2.38469e-16  
6.72809e-13  5.11312e-10  1.50925e-20  4.79295e-10  5.10668e-08  1.00275e-38  6.83257e-14  1.44306e-17  3.80278e-26  1.76746e-15  4.54969e-22  2.96335e-21  6.34195e-16  1.04309e-21  2.81316e-21  6.04592e-17  
2.26208e-15  6.83041e-11  1.42007e-21  1.19592e-11  5.4578e-08  6.42886e-37  1.56144e-14  1.30675e-21  1.11372e-27  5.87932e-15  6.63539e-20  6.31822e-22  3.13863e-18  2.10994e-19  1.09495e-23  9.06168e-16  
9.03112e-18  1.11271e-12  2.12865e-23  1.84123e-12  3.31735e-08  2.86181e-37  3.46358e-12  7.22763e-27  9.3007e-32  3.84687e-13  1.92323e-15  8.88401e-23  1.17003e-19  4.76168e-16  3.19795e-26  1.75051e-15  
4.3319e-24  1.61061e-16  3.50943e-26  4.34084e-17  3.30306e-10  1.61037e-35  1.57621e-14  5.37532e-33  2.5148e-35  5.70429e-14  1.03003e-13  1.77069e-24  2.67687e-23  1.55396e-13  1.20444e-29  6.84249e-15  
6.79849e-30  1.22948e-21  2.4021e-30  4.29273e-23  1.72951e-12  7.60977e-35  2.30524e-15  2.72624e-39  1.41548e-41  3.42096e-17  9.0524e-12  3.43752e-27  2.89752e-28  1.51066e-11  1.73109e-34  9.62742e-16  
1.38896e-46  2.20559e-32  7.39636e-40  9.28249e-38  2.21717e-18  3.11608e-38  7.349e-27  4.52444e-57  4.38034e-54  1.50152e-23  1.56527e-15  1.46191e-34  5.05551e-36  5.33726e-11  1.63186e-41  1.38944e-17  
2.18465e-57  1.62091e-40  1.16421e-47  2.01495e-48  8.8111e-23  9.17285e-40  1.72096e-34  1.23281e-63  3.43148e-66  4.8262e-29  2.84316e-19  4.58934e-42  3.01493e-42  1.11657e-11  6.8804e-47  1.84619e-19  
4.80176e-64  4.79899e-44  2.11122e-48  5.51684e-58  4.0828e-26  4.36318e-34  2.07758e-45  1.75627e-67  4.63433e-70  2.57852e-33  2.41407e-25  1.03963e-42  1.22978e-42  9.91104e-12  3.34998e-44  2.02639e-18  
