-6.470893	-0.737792	-0.845502	0.074676	-0.119251	-0.343623	-0.185344	0.137885	0.168203	0.025113	-0.295454	0.048163	0.198617	
-6.744812	-0.824440	-0.775624	0.437031	-0.195426	-0.460044	-0.001143	0.361822	0.291720	-0.011530	-0.246680	0.090497	0.024061	
-6.301605	-0.551043	-0.830204	0.600529	-0.383908	-0.365119	-0.010358	0.086853	0.021394	-0.014941	-0.269289	0.070651	0.248636	
-6.012882	-0.295363	-0.880977	0.475273	-0.354815	-0.132692	0.086183	0.043413	-0.061558	0.044954	-0.348543	0.031018	0.422807	
-6.470252	-0.675218	-0.912959	0.373362	-0.126275	-0.040277	0.204761	0.056229	-0.131337	-0.144321	-0.413200	0.342659	0.392325	
-6.758419	-1.272428	-1.360401	0.126833	-0.285125	0.094366	0.178101	-0.278417	0.039752	0.215203	-0.245598	0.322440	0.128936	
-6.418866	-0.997204	-1.326562	0.042244	-0.706375	-0.054392	0.057562	-0.301108	-0.106262	0.122281	-0.305985	0.075682	0.171633	
-6.666242	-1.016256	-0.961303	0.260096	-0.812879	-0.090136	0.167608	-0.051334	-0.033731	0.056506	-0.265148	0.146407	0.089311	
-6.968106	-1.355442	-0.961245	0.494633	-0.485854	-0.166661	0.204949	-0.034179	0.232665	0.025972	-0.165430	0.131029	0.014306	
-6.775759	-0.969936	-0.945995	0.323196	-0.382973	-0.511447	0.291581	0.056654	0.162363	-0.200207	-0.317609	0.209905	0.108277	
-7.005672	-1.110389	-0.892673	0.281686	-0.352621	-0.296425	0.220356	0.225363	0.187739	-0.206335	-0.456256	0.001552	0.255975	
-6.772583	-1.316340	-1.329821	0.212619	-0.663028	-0.463068	-0.149914	-0.127801	0.064231	0.182586	-0.180970	0.064550	0.233759	
-6.255788	-0.986340	-1.206903	0.421034	-0.507509	-0.426393	-0.161564	-0.335713	-0.088269	0.307736	-0.317107	0.035077	0.077733	
-6.409002	-0.838382	-1.007340	0.840517	0.052708	-0.494700	-0.248045	-0.291822	0.069406	0.351567	-0.143309	0.242703	-0.030408	
-6.661381	-0.876291	-1.276124	0.788103	0.216396	-0.289129	-0.097187	-0.105734	0.474569	0.241540	0.136250	0.264331	0.090880	
-6.786966	-0.628370	-1.005905	0.702614	-0.011898	-0.076477	-0.163174	-0.295101	0.438902	-0.215896	-0.063775	0.213806	0.278084	
-6.984291	-0.907787	-0.978377	0.475718	-0.203551	-0.093296	0.069090	-0.193671	0.054908	-0.236287	-0.295859	0.050218	0.263760	
-6.950716	-1.169613	-0.855885	0.491180	-0.307625	-0.306144	0.182481	0.125815	-0.164123	-0.118569	-0.311707	0.132871	0.229678	
-6.437713	-1.086607	-1.052481	0.284332	-0.607159	-0.356966	-0.019933	-0.040272	-0.127072	0.037061	-0.309143	0.125663	0.113407	
-6.550175	-1.269313	-1.270962	0.359948	-0.660306	-0.412595	0.019689	-0.248629	-0.070520	0.239518	-0.192127	0.146298	-0.010103	
-7.008017	-1.577594	-1.131864	0.681678	-0.226614	-0.321231	-0.037196	-0.385558	-0.004518	0.226170	-0.028441	0.005863	-0.061884	
-6.958281	-1.398323	-1.215182	0.555538	-0.050471	-0.178218	0.037851	-0.287360	0.061678	-0.011001	-0.279815	0.178972	0.133080	
-6.775554	-1.216274	-1.594174	0.754892	-0.190252	-0.565146	-0.037222	-0.116094	-0.102113	0.070483	0.036439	0.340611	0.249469	
-6.312608	-0.908481	-1.643049	0.740059	-0.216874	-0.280291	0.085838	-0.001806	-0.284216	0.176137	-0.026827	0.100958	0.197043	
-6.622953	-1.299272	-1.528748	0.441716	-0.074119	-0.246187	0.285381	-0.119837	-0.284669	0.256273	0.105761	0.047140	0.209429	
-6.887295	-1.167551	-0.909885	0.901034	0.142845	-0.340700	0.064139	-0.303319	-0.233324	0.243732	0.024469	-0.024526	-0.059419	
-6.737790	-1.058773	-0.907939	0.833500	-0.037705	-0.378367	-0.272304	-0.123991	-0.350118	-0.002124	-0.253182	0.169009	0.146185	
-6.488100	-1.071662	-1.097728	0.660321	-0.132146	-0.300949	-0.325800	-0.222242	-0.219573	-0.315163	-0.498606	0.400006	0.186259	
-6.320582	-0.637461	-1.000525	0.552425	0.025656	-0.189104	-0.231054	-0.207423	0.219853	-0.311777	-0.274837	0.410563	-0.021514	
-6.817106	-1.007593	-0.767403	0.722807	-0.060122	-0.153961	-0.218794	-0.225757	0.188187	-0.208981	-0.209804	0.511258	0.052891	
-7.587577	-1.716377	-0.933368	0.867949	-0.144002	-0.196899	-0.164666	-0.261016	-0.191843	-0.284229	0.184022	0.673228	0.164438	
-7.422240	-1.164676	-1.123132	0.483827	-0.277780	-0.257353	-0.184787	-0.087198	-0.223193	-0.443403	0.209470	0.330564	-0.048670	
-7.096125	-1.086373	-1.457982	0.405155	-0.336602	-0.451322	0.010438	0.188393	0.039606	-0.119003	0.103343	0.333655	0.091085	
-6.929275	-1.173026	-1.413035	0.723844	-0.263902	-0.500519	-0.145212	-0.022878	0.245106	0.084333	-0.169539	0.240469	0.178043	
-6.763384	-1.313114	-1.133156	0.709782	-0.137783	-0.567744	-0.210083	-0.100225	0.010591	0.062548	-0.309391	0.116104	0.137921	
-6.731149	-1.460595	-1.011397	0.634666	0.067957	-0.640292	-0.062786	0.446292	0.216535	0.298459	-0.422799	-0.072522	0.112186	
-6.711661	-1.407622	-1.056598	0.487481	-0.015993	-0.607812	-0.174184	0.446948	0.131715	0.349510	-0.344361	-0.057858	0.152410	
-7.113262	-1.610631	-1.232319	0.367605	-0.445011	-0.567697	0.021681	0.038554	0.074534	0.268443	-0.252935	0.067729	0.010371	
-8.049720	-1.968863	-1.101129	0.320003	-0.401697	-0.463880	0.169002	-0.268582	0.100924	0.470273	-0.086082	-0.186668	-0.356353	
-8.132809	-1.430929	-0.797103	-0.052667	-0.366257	-0.055539	0.198758	-0.130282	-0.095392	0.089280	-0.031997	-0.067099	-0.366026	
-7.766591	-1.150005	-0.627901	0.163031	-0.563044	0.027424	0.191639	-0.047296	-0.244329	0.078689	-0.156533	-0.182111	-0.218549	
-7.219776	-0.865488	-0.637700	0.307711	-0.424274	-0.405386	-0.056378	-0.032248	-0.120618	0.310402	-0.238729	-0.177765	-0.047003	
-6.973842	-0.953255	-0.647498	0.204200	-0.145589	-0.342391	0.048758	-0.087551	0.109163	0.350978	-0.147785	0.097794	0.106377	
-7.076517	-0.945695	-0.768709	0.126544	0.310848	-0.260090	-0.052281	-0.058897	0.201334	0.371276	-0.083962	0.270798	0.126695	
-7.314353	-0.842029	-0.600530	0.327935	0.173714	-0.093646	-0.078183	0.217061	0.458486	0.297106	-0.263605	-0.000633	0.083423	
-7.294579	-0.898008	-0.485587	0.758080	0.024279	-0.088563	-0.308991	-0.101658	0.312442	0.303434	-0.350400	-0.124418	0.085515	
-7.193109	-0.786323	-0.725858	0.602428	-0.255997	-0.131308	-0.321397	-0.306622	-0.109691	-0.058052	-0.286872	0.048475	0.125602	
-7.303124	-0.656123	-0.782357	0.353482	-0.577630	-0.275430	-0.517691	-0.362264	-0.003051	-0.139874	-0.087021	0.241568	-0.045184	
-6.889734	-0.641454	-0.626689	0.636839	-0.217552	-0.550129	-0.530369	-0.105768	0.117429	-0.209064	0.035493	0.222129	-0.140061	
-6.800061	-0.506931	-0.488540	0.458177	0.207507	-0.605069	-0.400759	0.196062	0.000299	-0.363204	-0.125650	0.085196	-0.058485	
