-1.959472	-1.901272	-1.759917	-1.612805	-1.507834	-1.399337	-1.351046	-1.416080	-1.553009	-1.476247	-1.067194	-0.848378	-1.054922	-1.218624	-0.997466	-1.117718	-1.254877	-1.403637	-1.241061	-1.380470	-1.357124	-1.472793	
-1.881077	-1.807973	-1.902149	-1.869742	-1.496013	-1.440960	-1.482777	-1.440175	-1.886655	-1.759701	-1.172184	-1.044895	-0.943743	-0.984419	-1.081109	-1.042374	-1.169033	-1.374727	-1.430618	-1.431611	-1.400482	-1.593653	
-1.817193	-1.669529	-1.594355	-1.513811	-1.403485	-1.414780	-1.452551	-1.303689	-1.545907	-1.735083	-1.068151	-1.034272	-1.019960	-0.905190	-0.851801	-0.764063	-1.161959	-1.312846	-1.307420	-1.423775	-1.624820	-1.632611	
-1.627097	-1.584005	-1.479213	-1.407310	-1.421343	-1.390867	-1.230623	-1.138384	-1.308600	-1.512380	-1.050712	-0.891912	-1.173158	-0.991850	-0.728188	-0.760965	-1.176032	-1.410749	-1.162607	-1.418651	-1.705309	-1.633055	
-1.785227	-1.749681	-1.710976	-1.628459	-1.717774	-1.765942	-1.393532	-1.149724	-1.233785	-1.683537	-1.220217	-0.870864	-1.064054	-1.205925	-0.867844	-0.822352	-1.141771	-1.588171	-1.229796	-1.351794	-1.604722	-1.562124	
-2.273517	-2.103958	-2.201457	-2.005094	-1.732157	-1.671096	-1.744295	-1.278878	-1.121750	-1.303460	-1.135535	-0.966112	-1.229082	-1.218278	-0.866138	-0.623164	-0.942552	-1.565364	-1.278887	-1.306592	-1.614861	-1.517675	
-2.396142	-2.112441	-1.873524	-1.681011	-1.554071	-1.443749	-1.353252	-1.196373	-1.133083	-1.261874	-1.146269	-1.055869	-1.291756	-1.100170	-0.758107	-0.622000	-0.943262	-1.391063	-1.166394	-1.391251	-1.611316	-1.624273	
-2.204345	-2.043710	-1.913275	-1.766085	-1.574607	-1.476476	-1.360730	-1.303286	-1.393303	-1.553871	-1.462262	-1.194735	-1.315190	-1.117168	-0.818796	-0.700725	-0.917933	-1.285681	-1.211412	-1.439532	-1.480677	-1.733750	
-2.175768	-2.049915	-2.115589	-2.085366	-1.685494	-1.660064	-1.691471	-1.472908	-1.710644	-1.595448	-1.424196	-1.131205	-1.219019	-1.022635	-0.918622	-0.709318	-0.862660	-1.292644	-1.340828	-1.497207	-1.484831	-1.537592	
-2.128480	-1.989792	-1.893672	-1.796152	-1.664652	-1.516224	-1.390202	-1.366442	-1.536806	-1.866746	-1.364957	-0.967487	-1.110562	-0.952340	-0.955397	-0.826055	-1.030582	-1.506192	-1.513849	-1.540344	-1.430783	-1.433519	
-2.142841	-2.064547	-1.907290	-1.974918	-1.958893	-1.496992	-1.375012	-1.471759	-1.554647	-2.011705	-1.311190	-0.920376	-1.285058	-1.113448	-0.960159	-0.904134	-1.210074	-1.355685	-1.362570	-1.487339	-1.516135	-1.474856	
-2.432838	-2.564337	-1.972865	-1.709224	-1.607506	-1.429478	-1.472208	-1.661095	-1.422533	-1.498067	-1.259325	-0.890128	-1.178629	-1.051247	-0.626494	-0.828679	-1.035958	-1.273020	-1.303970	-1.360998	-1.604195	-1.583538	
-2.294680	-1.989802	-1.719228	-1.504038	-1.407354	-1.411331	-1.530567	-1.551308	-1.372091	-1.270271	-1.074706	-0.883434	-1.171569	-0.915032	-0.504939	-0.698037	-0.958356	-1.350286	-1.338793	-1.271021	-1.477022	-1.648480	
-1.843941	-1.812306	-1.687963	-1.498944	-1.442906	-1.564123	-1.933956	-1.850628	-1.539657	-1.261207	-1.131465	-0.733228	-0.892123	-0.999650	-0.573526	-0.839924	-1.045217	-1.443708	-1.536425	-1.361826	-1.412908	-1.655356	
-1.690950	-1.851778	-2.192302	-1.737035	-1.536693	-1.647956	-1.926954	-1.778733	-1.503194	-1.325836	-0.972037	-0.648990	-0.858615	-1.011625	-0.733997	-1.007848	-1.033033	-1.289687	-1.705307	-1.615935	-1.591436	-1.584811	
-1.781395	-1.801128	-1.755107	-1.653297	-1.623282	-1.686488	-1.880516	-1.559729	-1.433744	-1.632407	-1.013591	-0.714956	-1.120525	-1.316621	-0.952155	-1.006705	-0.940767	-1.236245	-1.605762	-1.783061	-1.798016	-1.538300	
-2.143365	-1.868192	-1.761695	-1.857422	-1.798717	-1.814439	-1.669937	-1.427220	-1.455040	-1.684690	-1.286259	-0.865461	-1.340304	-1.213266	-0.831755	-1.020766	-1.059542	-1.355788	-1.417502	-1.711586	-1.582473	-1.593918	
-2.154726	-1.971391	-1.853500	-1.906797	-1.799416	-1.774446	-1.627376	-1.378474	-1.659243	-1.722063	-1.605949	-0.970387	-1.109878	-1.112830	-0.702130	-0.939068	-1.181754	-1.429416	-1.217620	-1.468648	-1.420928	-1.595819	
-2.297401	-2.038189	-1.810227	-1.618853	-1.537872	-1.484969	-1.379304	-1.362393	-1.484554	-1.405440	-1.415270	-0.989172	-0.977856	-1.144399	-0.620405	-0.740028	-1.079433	-1.255451	-1.188609	-1.364917	-1.350642	-1.650270	
-2.361447	-2.311689	-1.930427	-1.649710	-1.568028	-1.499917	-1.473150	-1.568004	-1.463181	-1.221413	-1.391820	-1.079263	-0.986558	-1.033228	-0.524693	-0.641121	-0.936712	-1.299993	-1.350814	-1.371889	-1.392560	-1.667531	
-2.305311	-2.281811	-2.000677	-1.849535	-1.905377	-1.782552	-1.942779	-1.982372	-1.606600	-1.230216	-1.415983	-1.106330	-1.016690	-1.028568	-0.607874	-0.727114	-0.991642	-1.275540	-1.389691	-1.444075	-1.486516	-1.493370	
-2.215404	-2.182121	-1.960246	-1.892451	-1.981957	-1.905264	-1.804418	-1.666298	-1.510472	-1.411064	-1.220153	-0.906362	-0.976183	-1.205686	-0.741858	-0.696854	-1.106182	-1.303795	-1.495606	-1.455007	-1.491772	-1.508187	
-2.186136	-2.379867	-1.989645	-1.715009	-1.661488	-1.716944	-1.975471	-1.514256	-1.415086	-1.536748	-1.211194	-0.739499	-0.735443	-0.750008	-0.539278	-0.757678	-1.159149	-1.359897	-1.523425	-1.557867	-1.649721	-1.706467	
-1.997039	-2.023433	-1.866438	-1.675741	-1.640459	-1.647994	-1.600592	-1.378948	-1.207368	-1.229508	-1.142931	-0.779237	-0.765306	-0.647109	-0.376465	-0.753236	-1.219678	-1.249581	-1.407534	-1.465134	-1.685511	-1.849610	
-2.000989	-2.433582	-2.041727	-1.778816	-1.883244	-1.861936	-1.578295	-1.471733	-1.274737	-1.106964	-1.173646	-1.094168	-0.894642	-0.699291	-0.398633	-0.931683	-1.249151	-1.229386	-1.526333	-1.414367	-1.428172	-1.593015	
-1.913296	-1.934192	-1.784026	-1.690355	-1.878238	-1.961039	-1.960099	-1.928965	-1.633457	-1.241896	-1.333861	-1.220648	-0.950009	-0.858035	-0.540694	-0.956848	-1.248203	-1.246208	-1.638456	-1.422678	-1.367014	-1.596166	
-2.118937	-1.849125	-1.611683	-1.553334	-1.717684	-1.918511	-1.924034	-1.688322	-1.565620	-1.615002	-1.283163	-0.849280	-0.986360	-0.943129	-0.638051	-0.965787	-1.250264	-1.226730	-1.392345	-1.338316	-1.371305	-1.796160	
-2.272775	-1.875160	-1.566172	-1.468634	-1.673135	-2.034234	-1.653276	-1.424286	-1.482626	-1.624355	-1.110647	-0.670025	-0.833214	-1.115575	-0.763379	-0.821946	-0.951053	-1.274202	-1.355492	-1.398194	-1.282006	-1.781603	
-1.845686	-1.723296	-1.557380	-1.472839	-1.568739	-1.692792	-1.590041	-1.423602	-1.408191	-1.420463	-1.048804	-0.666669	-0.785900	-1.207587	-1.070212	-0.896933	-0.863633	-1.299486	-1.527554	-1.608776	-1.319303	-1.648373	
-1.896058	-1.905948	-1.742758	-1.602665	-1.701557	-1.887150	-1.888304	-1.671328	-1.561500	-1.640236	-1.323642	-0.839243	-0.918486	-1.331295	-1.096291	-0.796376	-0.861829	-1.353119	-1.390855	-1.549611	-1.389920	-1.626997	
-2.263559	-2.445091	-2.121032	-1.802508	-1.922282	-2.464207	-2.296646	-1.849896	-1.578613	-1.794863	-1.780467	-1.038024	-0.913541	-1.121221	-1.083127	-0.838576	-0.917339	-1.300702	-1.350368	-1.513217	-1.578087	-1.615647	
-2.446604	-2.197033	-1.973199	-1.788966	-1.800233	-2.002670	-1.958081	-1.594937	-1.427827	-1.660047	-1.641227	-1.187214	-0.770184	-1.074685	-1.289631	-1.060373	-1.109499	-1.323762	-1.436946	-1.570181	-1.875493	-1.624718	
-2.235886	-2.361308	-2.209564	-1.817785	-1.692461	-1.670622	-1.607363	-1.519641	-1.454080	-1.587292	-1.457833	-0.936795	-0.698526	-0.962047	-0.955257	-1.003870	-1.137760	-1.448688	-1.470762	-1.587239	-1.775406	-1.693700	
-2.174864	-2.255927	-2.102505	-1.761817	-1.646389	-1.717414	-1.695719	-1.699140	-1.775047	-1.490526	-1.192282	-0.780504	-0.809312	-0.968629	-0.787421	-0.731767	-1.019011	-1.485296	-1.371724	-1.677699	-1.611143	-1.747155	
-2.289150	-2.047969	-1.871634	-1.729672	-1.672534	-1.766936	-1.788602	-1.737116	-1.769193	-1.541372	-1.208572	-0.737218	-0.974881	-0.819657	-0.779906	-0.738994	-1.058765	-1.474449	-1.291786	-1.361198	-1.520583	-1.543001	
-2.042717	-2.009242	-2.042794	-2.115067	-1.731143	-1.561379	-1.577514	-1.865842	-1.948622	-1.694605	-1.107436	-0.690463	-0.905755	-0.760176	-0.731324	-0.838480	-1.340273	-1.410287	-1.263448	-1.106986	-1.370729	-1.457714	
-2.076952	-2.124263	-2.093306	-1.938915	-1.718441	-1.520200	-1.518705	-1.839859	-1.866720	-1.624035	-1.063547	-0.764939	-0.920062	-0.764257	-0.808120	-0.839392	-1.503847	-1.250600	-1.268272	-1.107800	-1.299055	-1.569298	
-2.469852	-2.459998	-2.210466	-1.995559	-1.777760	-1.593983	-1.616294	-1.813769	-1.684877	-1.658328	-1.285262	-1.056481	-1.122717	-0.872888	-0.735595	-0.760038	-1.220308	-1.248307	-1.506636	-1.330377	-1.291558	-1.653219	
-2.757747	-2.674700	-2.399732	-2.452046	-2.053045	-1.768021	-1.948367	-2.313301	-1.808431	-1.538239	-1.510313	-1.623828	-1.385069	-1.033820	-0.885438	-0.894360	-1.190822	-1.458898	-1.670431	-1.433558	-1.403900	-1.552593	
-2.594068	-2.379136	-2.281044	-2.259121	-2.142499	-1.839455	-1.754858	-1.883355	-1.647967	-1.455511	-1.772085	-1.787195	-1.446607	-1.325445	-1.385628	-1.214356	-1.246404	-1.568352	-1.546128	-1.492598	-1.516380	-1.608186	
-2.377216	-2.163530	-1.991576	-2.019965	-2.116087	-1.713874	-1.584553	-1.776373	-1.637076	-1.520437	-1.814923	-1.720937	-1.573653	-1.260008	-1.141250	-1.186343	-1.233072	-1.391497	-1.433554	-1.433820	-1.566880	-1.772042	
-2.203712	-1.998623	-1.826591	-1.712913	-1.651989	-1.539590	-1.523223	-1.821530	-1.798279	-1.517954	-1.415424	-1.510065	-1.321712	-1.160948	-0.912729	-1.108438	-1.362266	-1.465363	-1.448632	-1.336151	-1.521774	-1.705957	
-1.934903	-2.026867	-2.004951	-1.706228	-1.571576	-1.595843	-1.659783	-1.603868	-1.732268	-1.475616	-1.181215	-1.400598	-1.199143	-1.251731	-0.945729	-1.032527	-1.283681	-1.493095	-1.505215	-1.273317	-1.387706	-1.444468	
-1.810825	-2.039570	-2.123297	-1.799436	-1.642712	-1.709598	-1.875583	-1.648338	-1.597003	-1.402347	-1.076613	-1.047596	-1.243677	-1.212723	-1.190167	-1.161333	-1.376673	-1.654672	-1.553374	-1.270646	-1.362641	-1.393094	
-1.718681	-1.855318	-2.079310	-2.068677	-1.741579	-1.630970	-1.673775	-1.861150	-1.818873	-1.643081	-1.137397	-0.981146	-1.454414	-1.364814	-1.111923	-1.440222	-1.190555	-1.570106	-1.517203	-1.344990	-1.534933	-1.568352	
-1.807509	-1.791905	-1.820190	-1.799493	-1.795635	-1.828222	-1.757408	-2.183097	-1.950290	-1.595435	-1.148405	-1.061495	-1.541115	-1.284531	-1.016081	-1.184539	-1.072443	-1.459400	-1.381536	-1.457444	-1.546089	-1.732461	
-2.176736	-1.872540	-1.637798	-1.549436	-1.724134	-1.929256	-1.748126	-1.787698	-1.633611	-1.614888	-1.295065	-1.100758	-1.448478	-1.158827	-1.111119	-1.046247	-1.091947	-1.422196	-1.371632	-1.572380	-1.624284	-1.821629	
-2.364765	-2.129636	-1.648049	-1.431835	-1.479084	-1.635802	-1.840553	-1.708470	-1.563262	-1.666301	-1.412728	-1.123603	-1.478588	-1.182394	-1.396314	-1.122528	-0.997602	-1.336767	-1.523146	-1.665428	-1.625705	-1.922240	
-2.024730	-1.886519	-1.554585	-1.367323	-1.407252	-1.572236	-1.844453	-1.825014	-1.748877	-1.672176	-1.383435	-0.931847	-1.034825	-1.009170	-1.233726	-1.263399	-1.017437	-1.195183	-1.582785	-1.607956	-1.408310	-1.744582	
-1.878629	-1.657615	-1.458811	-1.415082	-1.589780	-1.643743	-1.604366	-1.724776	-1.728742	-1.790216	-1.280424	-0.842388	-0.917979	-1.019331	-1.208328	-1.614362	-1.285005	-1.287744	-1.648565	-1.412763	-1.338302	-1.548270	
