0.2132  0.2132  0.2132  0.2132  0.2132  0.2132  0.2132  0.2132  0.2132  0.2132  0.2132  0.2132  0.2132  0.2132  0.2132  0.2132  0.2132  0.2132  0.2132  0.2132  0.2132  0.2132
0.30074  0.29462  0.2825  0.26463  0.24137  0.2132  0.18069  0.1445  0.10537  0.064091  0.02151  -0.02151  -0.064091  -0.10537  -0.1445  -0.18069  -0.2132  -0.24137  -0.26463  -0.2825  -0.29462  -0.30074
0.29844  0.27426  0.22787  0.16301  0.084946  1.8462e-17  -0.084946  -0.16301  -0.22787  -0.27426  -0.29844  -0.29844  -0.27426  -0.22787  -0.16301  -0.084946  -5.5387e-17  0.084946  0.16301  0.22787  0.27426  0.29844
0.29462  0.24137  0.1445  0.02151  -0.10537  -0.2132  -0.2825  -0.30074  -0.26463  -0.18069  -0.064091  0.064091  0.18069  0.26463  0.30074  0.2825  0.2132  0.10537  -0.02151  -0.1445  -0.24137  -0.29462
0.2893  0.19745  0.04291  -0.12525  -0.25365  -0.30151  -0.25365  -0.12525  0.04291  0.19745  0.2893  0.2893  0.19745  0.04291  -0.12525  -0.25365  -0.30151  -0.25365  -0.12525  0.04291  0.19745  0.2893
0.2825  0.1445  -0.064091  -0.24137  -0.30074  -0.2132  -0.02151  0.18069  0.29462  0.26463  0.10537  -0.10537  -0.26463  -0.29462  -0.18069  0.02151  0.2132  0.30074  0.24137  0.064091  -0.1445  -0.2825
0.27426  0.084946  -0.16301  -0.29844  -0.22787  -5.5387e-17  0.22787  0.29844  0.16301  -0.084946  -0.27426  -0.27426  -0.084946  0.16301  0.29844  0.22787  1.6616e-16  -0.22787  -0.29844  -0.16301  0.084946  0.27426
0.26463  0.02151  -0.24137  -0.2825  -0.064091  0.2132  0.29462  0.10537  -0.18069  -0.30074  -0.1445  0.1445  0.30074  0.18069  -0.10537  -0.29462  -0.2132  0.064091  0.2825  0.24137  -0.02151  -0.26463
0.25365  -0.04291  -0.2893  -0.19745  0.12525  0.30151  0.12525  -0.19745  -0.2893  -0.04291  0.25365  0.25365  -0.04291  -0.2893  -0.19745  0.12525  0.30151  0.12525  -0.19745  -0.2893  -0.04291  0.25365
0.24137  -0.10537  -0.30074  -0.064091  0.26463  0.2132  -0.1445  -0.29462  -0.02151  0.2825  0.18069  -0.18069  -0.2825  0.02151  0.29462  0.1445  -0.2132  -0.26463  0.064091  0.30074  0.10537  -0.24137
0.22787  -0.16301  -0.27426  0.084946  0.29844  9.2311e-17  -0.29844  -0.084946  0.27426  0.16301  -0.22787  -0.22787  0.16301  0.27426  -0.084946  -0.29844  -8.1253e-16  0.29844  0.084946  -0.27426  -0.16301  0.22787
0.2132  -0.2132  -0.2132  0.2132  0.2132  -0.2132  -0.2132  0.2132  0.2132  -0.2132  -0.2132  0.2132  0.2132  -0.2132  -0.2132  0.2132  0.2132  -0.2132  -0.2132  0.2132  0.2132  -0.2132
0.19745  -0.25365  -0.12525  0.2893  0.04291  -0.30151  0.04291  0.2893  -0.12525  -0.25365  0.19745  0.19745  -0.25365  -0.12525  0.2893  0.04291  -0.30151  0.04291  0.2893  -0.12525  -0.25365  0.19745
