2.888  1.524  -6.3187  -1.6422  -2.7269  -1.3017  -0.73778  0.58415  -1.1519  -1.0237  -1.623  -0.9362  -1.0377  0.13318  -0.094722  0.30973  0.089359  0.0094853  -0.75816  0.22313  0.49466  0.25086  -0.44323  -0.59966  0.067064  -0.77056  -0.068212  0.062247  0.62635  0.106  0.5382  0.099215  -0.24281  -0.26899  0.039128  0.16633  0.26021  0.39996  0.050778
2.5714  1.6632  -6.4155  -1.2012  -2.1922  -1.752  -1.1035  0.61558  -0.72758  -1.6225  -1.5783  -0.5345  -1.524  -0.26748  -0.16642  1.2481  -0.030041  0.66841  -0.5893  -0.22981  0.13017  0.082948  -0.40289  -0.35469  0.31335  -0.51868  -0.019617  -0.40324  0.75593  -0.13104  0.32755  0.32707  -0.43857  -0.50383  -0.16558  0.33844  0.14885  0.1915  0.40471
3.0026  1.3933  -5.6711  -1.3243  -1.3889  -2.3558  -1.4216  0.88171  -0.7153  -1.6625  -2.1286  0.059453  -1.5965  -0.19405  -0.88374  1.1408  -0.1001  0.63391  -0.28937  -0.60229  -0.64697  -0.0095713  -0.079351  -0.41541  0.34486  -0.21376  0.038442  -0.60904  0.47509  -0.2348  -0.093262  0.53369  -0.38626  -0.54842  -0.25202  0.39157  0.11583  -0.13818  0.47943
2.1621  0.43311  -4.0945  -2.1868  -0.83832  -2.1539  -1.8885  -0.15719  -0.96865  -1.4889  -2.3238  0.16159  -1.7973  0.026806  -1.4414  1.7027  -0.52723  0.29972  0.12464  -0.78247  -0.76369  -0.33513  0.28249  -0.4047  0.020583  0.1372  0.17779  -0.20312  -0.04097  -0.082901  -0.44117  0.44561  0.0072793  -0.19743  -0.11602  0.27499  0.14611  -0.26045  0.37179
2.5105  -0.51224  -4.0568  -1.4498  -1.5021  -1.9688  -2.1522  -0.97039  -1.0601  -1.3285  -2.4965  -0.24967  -1.5423  0.10136  -1.2844  1.5077  -0.36645  -0.085958  0.48595  -0.65933  -0.70366  -0.29615  0.38879  -0.22717  -0.20109  0.33978  0.042216  0.45716  -0.26016  0.017773  -0.37095  0.21366  0.31519  0.23752  -0.011326  0.043432  0.26199  -0.19165  0.15229
2.8978  -1.7081  -2.1145  -2.7202  -1.2365  -1.5716  -3.0857  -0.74944  -1.5606  -0.94203  -2.6085  -0.31819  -1.1395  0.11819  -0.57545  0.94171  -0.14557  -0.29515  0.35988  -0.17946  -0.43378  -0.12183  0.18801  -0.010466  -0.19503  0.31993  -0.083125  0.85153  -0.66344  0.20533  -0.15753  -0.060862  0.49364  0.2285  0.20597  -0.17396  0.26625  -0.031821  -0.047563
2.9388  -1.3892  -2.1382  -2.157  -1.4477  -1.1891  -2.801  -0.93316  -1.3078  -0.76957  -2.6678  -0.30392  -0.90605  -0.1131  0.054805  0.74083  -0.23761  -0.18149  0.23398  0.041768  -0.099367  -0.1502  0.098187  0.17345  -0.12228  0.15175  -0.072396  0.67033  -0.59666  0.14603  0.013128  -0.21237  0.35541  0.17717  0.19582  -0.22549  0.14592  0.07115  -0.13557
2.3025  -0.85476  -2.2287  -2.2699  -1.751  -1.4642  -2.1024  -1.4771  -1.2103  -1.2044  -2.2695  -0.39636  -1.1556  -0.11534  0.44366  0.095825  0.02435  -0.1251  0.068037  0.34789  -0.38033  0.2098  -0.094078  0.19372  -0.11428  0.088533  -0.073377  0.26647  -0.36974  0.073705  0.086956  -0.057632  -0.01816  0.075553  0.17121  -0.14864  -0.016072  0.074996  -0.076399
2.4689  -0.77451  -1.7772  -2.3877  -1.7894  -1.3206  -2.5185  -0.90464  -1.6859  -0.9028  -2.1456  -0.57743  -1.079  0.00093806  0.21707  0.14063  -0.01332  -0.1316  -0.0052258  0.14323  -0.19888  0.1255  -0.14665  0.10848  -0.028009  0.048765  -0.025163  -0.075558  -0.1889  0.07603  0.087268  0.044685  -0.2362  0.068757  0.17385  -0.1284  -0.10509  0.094379  0.011404
2.7868  -0.6845  -2.0075  -2.5318  -1.4409  -1.3017  -2.1832  -1.9047  -0.74214  -1.1576  -2.2884  -0.52428  -0.78745  -0.15896  0.14282  0.1326  -0.036602  -0.059232  0.30659  -0.28467  -0.15736  0.25395  -0.1355  -0.026195  -0.017173  0.14223  -0.030437  -0.19965  0.099701  -0.012799  0.073043  0.049171  -0.2348  0.24159  -0.095138  0.00050432  -0.027838  0.072267  -0.013343
2.6995  -0.82312  -1.8269  -2.066  -1.9975  -1.286  -2.3309  -1.316  -1.1654  -1.2329  -2.3329  -0.32398  -0.94383  -0.16678  -0.021448  0.15575  0.020953  0.047375  0.24876  -0.35056  -0.0045781  0.34927  -0.26629  -0.031852  0.1123  0.15911  0.026417  -0.068794  0.052396  -0.027934  0.078913  -0.027954  0.037653  0.11861  -0.20115  0.11127  0.03702  0.020983  -0.059331
1.7103  -0.402  -1.8061  -2.5406  -1.8246  -0.56171  -3.0502  -1.7435  -0.70867  -1.4459  -2.2545  -0.5746  -0.79652  -0.12279  -0.036016  0.38736  -0.031184  0.0045373  0.088555  -0.10961  0.24729  -0.1875  -0.032742  0.18038  0.032363  -0.0066708  0.21624  -0.0076335  -0.055857  0.019699  0.0061332  -0.21578  0.30887  0.020799  -0.31538  0.16925  0.076808  0.032761  -0.18079
2.5067  -0.9801  -1.4107  -2.3205  -1.4554  -0.94431  -3.1367  -0.99895  -0.65479  -1.5576  -2.2582  -0.21536  -0.59716  0.062108  0.10011  0.17043  -0.09983  0.073255  0.019928  0.16866  -0.045376  -0.25722  0.13577  0.11625  0.010173  -0.05478  0.1298  0.079015  -0.19319  -0.00086555  -0.072556  -0.15819  0.24198  -0.15766  -0.22186  0.16743  0.003884  -0.011853  -0.19845
2.5147  -0.71406  -1.0535  -2.4981  -1.6984  -1.2069  -2.1092  -1.3214  -1.5599  -1.0935  -1.7846  -0.48151  -0.9808  0.37531  0.059138  -0.04231  0.082887  -0.053773  -0.22634  0.38232  -0.074563  -0.38894  0.17122  0.13017  0.13217  -0.29319  0.0060301  0.064804  -0.20525  0.030357  -0.0010726  -0.061336  0.029892  -0.21659  0.11641  0.034257  -0.084344  -0.012759  -0.043965
2.4836  -0.36676  -1.6919  -2.3868  -1.8409  -0.90363  -2.2955  -1.6632  -1.5114  -1.0017  -2.219  -0.34001  -1.016  -0.026433  0.16802  -0.20897  -0.038679  -0.14114  -0.068358  0.1294  -0.31664  -0.2156  0.134  0.0049011  0.026839  -0.29297  -0.16696  -0.0070337  0.04892  -0.012067  0.0043835  0.04832  -0.038838  -0.12712  0.18885  -0.012135  -0.012182  -0.073367  0.059578
2.8478  -0.53126  -1.7924  -2.2588  -1.7932  -1.2611  -2.3239  -1.6351  -1.4472  -1.2101  -1.8835  -0.11575  -1.4666  -0.060434  0.12444  -0.038697  0.02931  0.10852  -0.051311  -0.00030321  -0.26685  0.14093  0.070914  -0.016978  -0.014246  -0.019468  -0.13058  -0.035108  0.18747  -0.09758  0.10229  0.087007  -0.010841  -0.03945  0.19013  0.0012514  -0.018011  -0.12662  0.1993
2.2609  -0.56744  -1.6681  -2.5561  -1.8314  -1.1223  -2.6411  -1.792  -1.358  -1.0973  -2.194  -0.31772  -1.2332  -0.2209  0.046359  0.31538  -0.10924  0.0052613  0.077376  0.24346  -0.33058  0.044399  0.14952  0.15329  -0.13672  -0.012904  0.19295  -0.049841  0.15277  -0.13431  0.19266  0.023733  -0.010587  0.13606  0.071719  0.0081173  -0.012699  -0.051598  0.16455
2.4448  -0.2404  -1.1815  -2.3255  -1.3776  -1.2515  -1.9372  -2.0575  -1.2139  -0.83301  -1.8481  -0.53539  -0.93064  0.080807  0.014645  0.25792  -0.17457  0.17989  -0.038181  0.29276  -0.18594  0.051441  0.16722  0.0019486  -0.16591  0.16468  0.347  -0.043496  -0.10271  -0.2065  0.18359  -0.034564  -0.13364  0.17564  -0.024724  -0.049627  -0.051505  -0.035813  0.059499
2.0224  -0.37311  -1.0512  -2.6811  -2.0329  -0.6763  -1.7584  -2.4438  -1.4949  -0.74171  -1.7769  -0.54035  -1.3227  0.48179  0.073396  0.10105  -0.33967  0.40114  -0.0037229  -0.048895  0.051091  0.044299  0.1102  -0.042658  -0.052122  0.1086  0.35541  0.0043659  -0.22016  -0.068014  0.17646  -0.093879  -0.19901  0.1589  0.04625  -0.071422  -0.053813  -0.027356  0.056145
3.2095  -0.58449  -1.3271  -2.72  -1.1528  -1.5986  -1.887  -1.867  -1.2244  -0.88625  -2.0862  -0.50216  -0.92782  0.62921  -0.019566  -0.23966  -0.47497  0.46135  -0.11445  -0.25505  0.069239  0.06681  -0.05831  -0.073521  -0.16398  0.098273  0.015344  0.18456  -0.14302  0.096826  -0.15541  -0.030218  -0.0067584  -0.017021  0.072321  0.00067709  0.018656  -0.078283  0.021563
3.3239  -0.17521  -1.2922  -3.3779  -0.74039  -0.95989  -2.8129  -1.734  -1.2198  -0.74003  -2.2029  -0.49069  -0.90875  0.57112  0.076562  -0.096307  -0.16309  0.39391  -0.16613  -0.079675  0.018521  0.17547  0.048018  0.02958  -0.21975  0.18873  -0.24259  0.35046  0.087824  0.24607  -0.5216  -0.09318  0.2694  -0.072306  0.057828  0.043507  0.058369  -0.085379  -0.031452
3.6817  -0.39805  -1.7799  -3.402  -0.63979  -1.453  -2.1751  -2.2047  -1.151  -1.0088  -1.8556  -1.0522  -0.84281  0.082174  0.56673  -0.072459  0.027613  -0.28271  -0.047636  0.28788  -0.22072  0.20282  0.20034  0.021796  -0.31694  0.1893  -0.34653  0.4964  0.31874  0.33246  -0.51282  0.0071823  0.16431  0.037188  -0.024514  0.026711  0.062378  0.062009  -0.084567
3.4997  -0.23665  -1.1137  -2.8294  -1.1077  -1.2475  -1.8534  -2.2194  -1.0052  -0.53639  -1.8035  -0.9246  -0.79905  0.027548  0.83163  0.28092  0.14725  -0.79162  -0.31667  0.48783  -0.020847  0.14978  0.1114  0.084791  -0.23178  -0.031266  -0.57745  0.32768  0.032727  0.35949  -0.0083804  0.1452  -0.059471  0.35771  0.089377  -0.20501  0.28876  0.28358  -0.1364
3.3681  1.1464  -1.6337  -2.9114  -1.8173  -1.5977  -1.5031  -2.2865  -0.72325  -0.38705  -2.2206  -1.236  -0.41477  -0.13861  1.0921  0.52795  0.36726  -0.48434  -0.017634  -0.045885  0.20049  0.0061118  -0.0098674  0.086006  0.02806  -0.045429  -0.57744  -0.0039623  -0.44776  0.26262  0.58283  0.2831  -0.24033  0.60884  0.23408  -0.32701  0.45309  0.41438  -0.054241
3.5633  1.5475  -0.52253  -3.1814  -2.5265  -1.8376  -1.6854  -1.7556  -0.98432  -0.7167  -1.7661  -1.0941  -1.2166  -1.0508  0.79692  -0.29833  0.74556  0.46958  0.25448  -0.091205  0.88105  0.54195  -0.4619  0.86376  0.45849  -0.10311  -0.35463  -0.19707  -1.1486  -0.065091  0.56715  0.3088  -0.16004  0.52947  0.20923  -0.20374  0.16222  0.16866  0.077653
3.2341  1.9862  -0.49169  -2.1242  -1.3834  -1.2109  -2.3968  -1.8351  -1.1431  -0.94823  -1.6163  -0.88324  -0.77034  -1.111  0.57219  -1.1261  0.51632  0.83516  0.51608  -0.14358  1.1548  0.70897  -0.49405  0.99157  0.58105  0.062502  0.26317  -0.27848  -1.2864  -0.40526  -0.13315  0.021953  0.11659  0.22653  -0.033784  0.0040412  -0.26808  -0.21716  0.028367
0.4142  1.7342  -2.5797  -0.98632  0.084115  -0.67743  -1.6801  0.19809  0.83056  -1.6415  0.48569  0.27447  -0.93061  -0.55017  0.50038  -2.3378  -0.12256  0.25009  0.34288  0.056547  1.0904  0.42605  -0.25773  0.11868  -0.0023044  0.14773  1.0457  -0.20779  -0.53083  -0.52024  -0.817  -0.23612  0.079908  -0.34582  -0.55481  0.29248  -0.78525  -0.56195  0.02666
1.6098  2.7696  -3.9835  -2.46  -0.6171  -0.62957  -1.9365  0.20118  0.49622  -1.4068  -0.37175  -0.17716  -0.37025  0.40057  0.40492  -2.3115  -0.41448  -0.77403  0.004026  0.23001  0.77542  -0.037292  -0.099824  -0.3457  -0.39304  -0.08575  0.97651  -0.24852  0.36347  -0.13316  -0.75702  -0.36804  0.053208  -0.61638  -0.57742  0.25694  -0.61151  -0.42402  -0.06196
2.7249  2.6569  -5.79  -3.3812  -2.1594  -1.0996  -1.7459  0.49738  -0.52581  -1.2606  -2.0323  -1.454  -0.97343  1.3306  0.2572  -1.2981  -0.34976  -1.1768  -0.19785  -0.038272  0.033304  -0.74934  0.21842  -0.82337  -0.74032  0.050993  0.45837  -0.23922  1.1116  0.23905  -0.13323  -0.24955  -0.0302  -0.58343  -0.30252  0.11852  0.031317  0.036546  -0.03078
3.2804  2.7396  -5.8212  -2.1702  -2.5838  -0.98774  -1.6738  0.34154  -0.57676  -1.4381  -1.3944  -1.1981  -1.0062  0.87818  -0.051783  -0.55558  0.23046  -0.72245  -0.31768  0.063454  -0.16575  -0.43558  0.038697  -0.37194  -0.32201  -0.075011  -0.14616  -0.13955  1.0286  0.26159  0.43271  -0.1546  -0.044154  -0.2763  -0.038661  0.026133  0.37186  0.22937  0.05512
3.5706  2.5208  -5.5552  -2.1805  -2.463  -1.0919  -1.9263  0.22782  -0.88096  -0.97055  -1.4731  -1.436  -0.45966  0.58612  0.011069  0.119  0.27212  -0.17539  -0.24491  0.049221  -0.18931  -0.28235  0.028568  0.22576  0.071819  0.050019  -0.41156  -0.09411  0.5193  0.10681  0.43122  -0.079123  0.0023163  0.066473  0.11881  -0.13445  0.4673  0.23724  -0.033409
3.8215  2.6823  -5.7677  -2.369  -2.6326  -1.5865  -1.656  -0.16128  -0.63296  -1.4357  -1.7672  -1.1522  -0.85217  0.33433  0.10933  0.065813  0.059354  0.023385  -0.43623  0.053797  0.05783  -0.38677  0.073503  0.24531  -0.111  0.080096  -0.19852  -0.11334  0.1907  -0.019827  0.13553  0.10181  -0.10459  0.14526  0.069228  -0.098758  0.27532  0.021589  0.0021967
4.2127  2.7188  -5.4598  -2.4655  -2.6611  -1.535  -1.6072  0.18086  -1.3448  -1.1761  -1.1686  -1.2615  -0.90038  0.36783  -0.10569  -0.050894  0.056236  -0.25609  -0.37595  -0.026494  0.12093  -0.4173  -0.20234  0.26992  -0.1341  -0.12679  -0.094492  -0.12443  -0.082812  0.041868  -0.090631  0.11492  -0.068879  0.033326  0.13728  -0.06459  -0.010184  -0.056766  -0.031342
3.9623  2.9686  -5.6714  -1.8496  -2.4146  -2.0749  -1.672  0.53851  -1.5052  -1.1149  -0.81069  -1.6184  -0.54553  0.39178  -0.33341  0.10145  0.27892  -0.2755  0.053256  -0.21245  0.1149  -0.16043  -0.14212  0.43195  -0.15428  0.019982  -0.035432  -0.013173  -0.026929  0.079317  -0.07952  0.16592  0.031639  -0.13632  0.26746  0.055875  -0.092709  0.10319  -0.04582
4.6037  2.0606  -5.756  -2.2715  -3.3403  -1.9755  -1.9978  0.24073  -1.6968  -1.738  -1.1416  -1.6053  -0.99334  0.27392  -0.14085  -0.14726  0.28794  -0.29784  -0.14489  -0.02429  -0.11787  0.016324  -0.057389  0.10188  -0.076843  -0.01395  -0.19708  0.17909  0.049965  -0.077392  0.12927  0.047975  0.12996  -0.18976  0.26654  0.24467  -0.12916  0.066566  0.027019
4.8013  2.0111  -5.3152  -1.6293  -3.1195  -1.2064  -2.098  0.1535  -0.93824  -1.5811  -0.48487  -1.4432  -0.74574  0.27499  0.087391  0.033208  0.18145  -0.1943  -0.054012  0.14761  -0.23173  0.1988  0.16865  0.051201  0.16994  -0.11378  -0.35677  0.24394  0.0043028  -0.33377  0.24144  -0.071393  0.13783  -0.14247  0.23861  0.1627  -0.18169  -0.024535  -0.032861
4.615  2.775  -6.0797  -1.7119  -3.2021  -2.4039  -1.4671  0.019763  -1.5792  -1.1151  -1.0259  -1.5797  -0.84213  -0.16501  0.2212  0.13312  -0.12721  0.091133  -0.17839  0.18336  -0.27504  0.20271  0.37627  0.072803  -0.096514  0.021152  -0.56007  -0.15112  0.029563  -0.37205  0.23274  0.18725  -0.018034  -0.021708  0.22827  -0.062508  -0.11434  -0.065664  -0.053907
4.7817  2.8736  -5.41  -1.5851  -3.0665  -2.0228  -1.4945  -0.046199  -0.9675  -0.92034  -0.71493  -1.1213  -0.96249  -0.45906  0.21737  -0.025829  -0.51482  0.25433  -0.14417  0.097225  -0.23392  0.4622  0.12915  -0.09858  -0.21805  -0.096153  -0.87241  -0.47557  -0.12786  -0.17315  0.22735  0.28077  -0.094894  0.03188  0.0088023  -0.23764  -0.15549  -0.024706  -0.031917
4.1186  2.2929  -5.3092  -2.6752  -3.0934  -2.1025  -1.7494  -0.48453  -1.074  -0.93962  -0.80815  -2.0557  -0.82151  -1.0393  -0.65921  -0.029052  -0.48007  0.17606  0.46194  -0.0532  -0.1819  0.56942  -0.22516  -0.16624  -0.079842  -0.18449  -0.96876  -0.60327  -0.12498  0.22491  0.24958  0.31407  -0.10144  -0.050053  -0.23268  -0.21773  -0.1684  0.24239  -0.0076672
3.6724  2.9042  -5.7779  -2.6921  -2.4109  -1.7896  -1.6652  -0.29613  0.19574  -1.2815  -0.88948  -1.8593  -1.0445  -1.9051  -0.89913  -0.26929  -0.16157  0.44528  0.46812  -0.018791  -0.18266  0.041856  -0.24355  -0.29575  0.087482  -0.10671  -0.75164  -0.62937  0.23887  0.47482  0.31798  0.23456  -0.002398  -0.18665  -0.49649  0.010688  -0.0098666  0.33211  0.15839
2.0518  0.78202  -5.9828  -2.5986  -3.0018  -1.1346  -1.5413  -0.40096  -0.4526  -1.6101  -1.4374  -1.4502  -1.3546  -2.3482  -1.0304  -0.1201  0.37091  0.74439  0.45767  -0.062954  -0.45083  -0.28514  -0.090566  -0.33382  0.4779  0.0034307  -0.38108  -0.31037  0.57174  0.37276  0.20643  0.10627  0.0033628  -0.3236  -0.42724  0.1376  0.15263  0.1394  0.1938
0.0997  0.9317  -5.881  -2.1081  -1.7765  -1.1023  -1.6549  -0.63596  -1.1526  -1.3158  -1.2876  -1.1616  -1.0161  -2.0595  -1.4852  0.7363  0.48415  0.92411  0.56165  0.094909  -0.6594  -0.59999  0.093915  -0.044391  0.4994  0.28505  0.18977  -0.17541  0.7561  0.24381  -0.13231  0.075063  0.064983  -0.26085  -0.047004  0.13061  0.26608  -0.063399  0.062901
-1.1399  0.1881  -5.618  -1.8544  -1.1774  -1.0731  -1.9434  -1.6671  -1.2552  -1.1942  -1.6106  -0.97084  -0.82542  -2.1053  -1.2973  1.1834  0.31534  0.55592  0.734  -0.099961  -0.91434  -0.39138  0.01891  0.16596  0.13241  0.20103  0.45657  0.086237  0.5638  0.10292  -0.50537  -0.1556  0.055571  0.019761  0.118  0.10398  0.21472  -0.30518  -0.1443
-0.9102  -1.2543  -3.7514  -1.6117  -0.55075  -0.13541  -1.1794  -1.6413  -1.2029  -1.2077  -0.93605  -0.60078  -0.45392  -1.4573  -1.2919  1.3473  0.59764  0.14258  0.55515  0.19466  -0.73345  -0.046038  0.093548  0.2526  0.07003  -0.016811  0.46176  0.44526  0.093964  0.12629  -0.68867  -0.55663  -0.030034  0.26482  0.12735  0.10664  -0.06397  -0.32235  -0.26981
-3.7592  -2.0169  -3.4975  -1.9008  -1.9469  0.58393  -2.079  -2.6413  -1.6016  -1.6074  -1.1152  -1.3334  -1.0326  -1.2797  -0.86829  1.2658  0.62291  -0.38096  -0.0058772  0.053881  -0.35452  -0.20813  0.22155  0.16185  -0.22294  -0.27855  0.70352  0.58929  -0.19705  0.20852  -0.44842  -0.80032  0.052421  0.46998  0.019895  0.12664  -0.23664  -0.10355  -0.16334
-2.9624  -1.8415  -2.8995  -0.292  -0.96405  -0.26543  -1.0032  -2.3492  -1.1176  -0.82851  -0.77743  -0.77027  -0.96296  -1.087  -0.36388  0.97697  0.70922  -0.67347  -0.73829  -0.072113  -0.14484  -0.30957  0.31253  -0.23425  -0.28999  -0.28459  0.57467  0.59297  -0.33959  0.038586  -0.25897  -0.54771  0.016676  0.34072  -0.044278  0.0088589  -0.32041  0.035512  0.031139
-3.9527  -2.1232  -2.2465  -0.64551  -2.1137  -1.0257  -1.8699  -2.3767  -1.9223  -0.71909  -1.2043  -1.5549  -1.4066  -0.1799  0.0065641  0.77736  0.8851  -0.3813  -1.0202  0.19069  0.20128  -0.19992  0.28935  -0.30053  0.0017843  -0.15511  0.59367  0.43989  -0.42368  -0.045508  0.11723  -0.076291  0.17046  0.13572  0.14831  -0.1067  -0.1866  0.24354  0.19392
-4.0745  -2.2928  -1.4461  -0.11165  -2.4878  -1.5455  -1.5003  -2.2081  -1.9713  -0.71422  -1.5943  -1.36  -1.1207  -0.28313  0.049593  0.57272  0.58231  -0.63414  -0.58082  0.17629  0.010813  -0.18298  0.086221  -0.47744  0.064201  0.014885  0.51229  0.18089  -0.41777  -0.22627  0.22343  0.32478  0.17858  -0.051151  0.20016  -0.21709  0.033985  0.23596  0.17424
-3.7428  -1.7716  -1.8922  0.66436  -2.329  -1.8367  -1.2584  -2.108  -1.7745  -0.79646  -1.6084  -1.0332  -1.419  0.099411  0.24465  0.19691  0.54984  -0.048947  -0.31349  0.44105  -0.025188  0.17351  0.014607  -0.27635  0.33058  0.15347  0.29271  0.033478  -0.32796  -0.37963  0.16789  0.41019  0.07065  -0.19979  0.17256  -0.26368  0.14176  0.10699  0.12294
-3.9168  -1.8685  -1.3585  0.79999  -2.7588  -1.6024  -0.78009  -2.4511  -1.7404  -0.53117  -2.0077  -0.83852  -0.91207  0.31017  0.059756  0.013869  0.19804  -0.16935  -0.11733  0.33845  -0.18506  0.10418  -0.20136  -0.14438  0.25348  0.083827  0.26283  0.076987  -0.252  -0.29324  0.1476  0.2165  0.019679  -0.17368  0.11921  -0.30651  0.25818  0.080052  0.022869
-3.7334  -1.6014  -1.6996  0.54821  -2.125  -1.9377  -0.90684  -2.3308  -1.5172  -0.7668  -1.8267  -0.82391  -1.0505  0.4016  0.10192  0.072919  -0.061665  -0.11004  -0.021402  0.32156  -0.30016  0.17419  -0.35788  -0.041788  0.22813  0.17925  0.16365  0.16454  -0.16358  -0.17455  -0.083193  0.059722  -0.082889  -0.1182  0.034724  -0.2571  0.10367  0.10592  -0.033881
-3.1487  -2.1986  -1.5007  0.54055  -3.0978  -1.847  -0.6607  -2.6519  -1.7874  -1.3331  -1.9183  -0.70421  -1.0535  0.35427  0.35192  -0.1213  0.0083388  -0.1608  -0.077378  0.29507  -0.37275  0.17431  -0.64705  0.17982  0.35559  0.070603  0.042694  0.42962  0.0021469  -0.035001  0.032769  -0.05232  -0.030366  -0.1018  0.086393  -0.0070211  -0.016976  0.131  -0.0028807
-2.922  -1.3007  -1.6023  0.60909  -2.4896  -1.7787  -0.35338  -2.9081  -1.2284  -1.4691  -1.7785  -0.41598  -0.81055  0.56832  0.59219  -0.22626  0.12103  -0.3028  -0.1543  0.21407  -0.28596  0.24262  -0.53384  -0.12745  0.59728  0.058439  -0.11123  0.34481  0.24481  -0.0053754  -0.014461  -0.017512  -0.14007  -0.10512  -0.02085  0.19054  -0.1177  0.044617  -0.026769
-3.2596  -0.96308  -1.771  0.79456  -3.0589  -1.9141  -0.17162  -3.2807  -1.3618  -2.1212  -1.4923  0.024269  -0.82021  0.35489  1.1035  0.1699  0.0016876  0.025335  -0.20785  0.30109  -0.49757  0.32914  -0.13445  -0.15248  0.46189  0.13559  -0.12554  0.12163  0.61908  0.047418  0.076333  0.022166  -0.20717  -0.031551  -0.0042407  0.42136  -0.075571  -0.17045  0.016682
-1.973  -0.44261  -2.2432  0.7843  -3.0528  -2.3671  -0.50917  -2.8742  -1.0021  -1.9743  -2.422  0.6037  -0.99178  0.067595  0.76058  0.66176  -0.074465  -0.24649  -0.0087023  -0.10165  -0.55309  0.034222  -0.042554  -0.22875  0.30883  0.066448  -0.37827  -0.26479  0.71553  0.10158  0.25412  -0.001001  -0.26213  0.010623  0.18276  0.43042  0.18857  -0.27418  0.012764
-2.5586  0.68274  -0.67056  0.45801  -2.7402  -2.1763  0.32048  -4.1615  -0.91312  -1.4839  -2.054  0.17163  -0.55611  0.22801  0.63263  1.2919  0.24834  0.040044  -0.08368  -0.16859  -0.33383  0.26579  0.37139  0.0037492  -0.011547  0.11664  -0.38068  -0.6315  0.27766  0.079472  0.40943  0.060714  -0.18337  0.2586  0.3569  0.27151  0.22937  -0.077537  0.022865
-3.0697  0.1581  -0.16719  0.55397  -3.3884  -1.6736  -0.90438  -4.1269  -1.3501  -1.9154  -2.1839  0.43683  -0.74325  -0.50305  0.033234  1.3593  0.30244  0.4522  -0.21939  -0.33748  -0.33596  0.82258  0.5045  0.36014  0.011473  0.1062  -0.28632  -0.65178  -0.26366  -0.13032  0.63297  0.22381  0.26458  0.50891  0.54492  0.17787  0.20142  0.078331  0.075316
-2.0272  0.63445  1.0668  1.6548  -2.771  -2.5118  -0.47979  -3.6558  -0.39048  -1.0364  -1.6001  0.073065  -0.59454  -0.50183  -0.42734  0.65411  0.051653  0.90429  0.079635  -0.13109  0.16967  1.0057  0.40655  0.24119  0.37796  0.18431  -0.40448  -0.57929  -0.69535  -0.44899  0.34121  0.54496  0.35183  0.49093  0.23559  0.012436  0.0033047  0.19755  0.053399
-3.7478  -0.31876  0.96602  1.0932  -1.6808  -2.8575  -1.1215  -4.135  1.2043  -0.68453  -1.5685  0.6874  -0.65396  -0.42645  -0.66478  0.1897  -0.36709  1.2203  0.58108  0.67335  0.72187  1.299  0.47346  0.25679  0.34907  0.25856  -0.00012771  -0.19814  -0.62375  -0.37989  -0.14749  0.49869  0.28665  0.48555  -0.28941  -0.058318  -0.025533  0.081037  0.076581
-3.7251  -0.36085  0.72517  0.34333  -0.88113  -1.3455  0.035763  -3.6485  0.82666  -0.87969  -1.6381  1.1802  -0.04784  -1.0237  -0.75624  -0.20933  -0.76386  0.67964  1.151  0.38148  0.61003  0.73433  0.42422  0.065342  0.4123  0.20066  0.17249  0.13291  -0.20682  -0.0050704  -0.54871  0.059349  -0.082371  0.29947  -0.49323  -0.033414  0.11271  -0.18428  -0.10155
-3.5002  -1.3386  0.57273  0.10839  -0.67247  -0.51356  0.8579  -1.965  1.9384  -0.5734  -1.3946  0.93046  -0.24091  -0.24248  -0.39675  -0.080217  -0.42947  0.12205  0.74101  0.26619  0.90052  0.090029  0.32071  0.37147  0.23741  0.32777  0.33919  0.41954  -0.054133  0.27629  -0.6096  -0.27166  -0.33115  0.0082024  -0.62038  -0.12583  0.20713  -0.19647  -0.1731
-5.2222  -1.1244  0.63546  -0.14439  -1.2363  -0.23087  -0.32503  -2.9107  1.4455  0.18065  -1.4911  1.1884  -0.19908  -0.07635  -0.16263  0.1686  0.06763  -0.19273  0.17772  -0.17462  0.97876  0.13047  0.38268  0.52197  -0.11904  -0.15494  0.29753  0.35618  -0.05899  0.40036  -0.31328  -0.46596  -0.098066  0.0031394  -0.22591  -0.099884  0.1692  -0.17392  -0.17342
-3.7267  -1.1272  0.77022  0.048693  -1.1371  -1.1917  -0.14253  -1.8023  1.165  -0.25256  -0.52761  1.3955  0.40497  0.11743  0.29702  -0.16166  0.046023  -0.17233  0.25273  -0.042057  0.56212  -0.26018  0.11675  0.64987  0.025318  -0.082934  -0.26231  0.12303  -0.10612  0.23777  -0.012553  -0.25824  -0.090037  -0.35633  -0.016961  -0.14786  -0.19233  -0.058091  -0.17478
-3.8409  -0.95442  1.1322  0.57607  -1.227  -0.47323  0.012121  -0.79356  1.6048  0.10793  -0.50565  0.59056  -0.8356  -0.3111  -0.034585  -0.34557  0.19947  -0.11301  -0.0027739  0.24141  0.78865  0.2317  0.22655  0.43375  -0.0034025  -0.11425  -0.33534  -0.09236  -0.076088  0.074076  0.17827  -0.1274  -0.090835  -0.55165  -0.097288  -0.3331  -0.45428  0.026736  0.10031
-3.8385  -0.53249  -0.16065  -0.11377  -1.1941  0.3658  0.56315  -1.3372  1.0782  -0.18678  0.062326  1.3054  -0.17146  -0.91203  -0.091685  -0.14147  0.21793  0.044528  0.056537  -0.21194  -0.07341  -0.011471  -0.044803  -0.1614  0.0053156  -0.21692  0.024937  -0.074019  0.22201  0.094054  0.15841  -0.10593  -0.1722  -0.30419  -0.04528  -0.24475  -0.53912  -0.12172  0.13061
