-1.077337 -2.763850 -4.879767 -1.262552 -2.846531 -1.757138 -0.828796 0.348045 -0.407187 0.424727 0.155170 0.424855 0.309070 
-1.587569 -2.262161 -4.456694 0.101635 -3.287177 -3.023183 -1.125499 0.225265 -0.169186 0.820859 1.060078 0.627898 1.562005 
-2.529615 -2.184744 -3.455784 -0.617839 -3.729853 -3.377962 -1.731822 -0.034757 -0.323677 0.416909 0.347175 0.699663 1.808593 
-2.524494 -1.402008 -2.745808 -0.515602 -2.950495 -2.716560 -1.584313 -0.087006 0.059515 0.468946 0.383452 0.825642 2.317639 
-3.619799 -1.990583 -3.067279 -0.988655 -3.524434 -2.685836 -1.927885 -0.253839 -0.809527 0.255084 0.166861 0.546833 2.021119 
-3.508628 -1.087756 -2.677959 -0.856594 -2.918046 -2.030146 -1.456413 -0.064796 -0.645357 0.206756 0.441967 0.832647 2.202179 
-3.653679 -0.897592 -2.743682 -1.617243 -2.838657 -2.035134 -1.467026 -0.294914 -1.290666 -0.323975 0.325052 0.687051 1.776783 
-4.134211 -0.965191 -2.477985 -1.612005 -3.145219 -1.770810 -1.672750 -0.233971 -1.091282 -0.092504 0.529849 0.822146 2.007778 
-4.665805 -1.047252 -2.503090 -1.516864 -3.372915 -1.914882 -1.577280 -0.419224 -1.018593 -0.048472 0.642599 0.630388 2.244652 
-4.698426 -1.248723 -2.325487 -1.846103 -3.369068 -1.997683 -1.774358 -0.320857 -1.002805 -0.023426 0.413289 0.801611 2.144343 
-4.411245 -0.763504 -1.765675 -1.625791 -3.037198 -1.545108 -1.434726 -0.152812 -0.955340 -0.036171 0.472684 0.729978 2.069119 
-5.120113 -0.949628 -2.227316 -1.919150 -3.527095 -1.495434 -1.860457 -0.357747 -1.211893 -0.175825 0.417032 0.674413 1.941578 
-4.577120 -0.731087 -1.684359 -1.676194 -3.083911 -1.385924 -1.385152 -0.064128 -1.009486 0.111280 0.457728 0.887680 2.185059 
-5.058211 -0.989326 -1.949517 -2.049152 -3.409329 -1.530334 -1.536934 -0.515566 -1.169484 -0.127586 0.422574 0.604705 2.103932 
-4.537941 -0.955799 -1.758441 -1.907543 -3.173862 -1.449910 -1.355817 -0.393433 -1.164721 0.014022 0.388658 0.696879 2.112627 
-4.885970 -1.002263 -2.154650 -2.183774 -3.359176 -1.565824 -1.576739 -0.344139 -1.523494 -0.032483 0.312997 0.617393 2.100715 
-4.542749 -1.079669 -2.187803 -2.289903 -3.249025 -1.911396 -1.394547 -0.516891 -1.466653 -0.062964 0.289484 0.649772 2.018663 
-4.192805 -0.931440 -2.362824 -1.804460 -3.338200 -1.803730 -1.484057 -0.333931 -1.385607 0.050095 0.372350 0.624770 2.080494 
-3.240915 -0.895179 -2.487363 -1.480590 -3.001426 -2.008778 -1.236267 -0.398788 -1.202778 -0.223084 0.438858 0.514449 2.044681 
-2.973065 -1.482697 -2.672488 -1.650116 -3.275884 -2.139990 -1.124451 -0.394646 -1.145024 -0.104945 0.782386 0.517541 2.245885 
-1.089804 -1.719393 -3.137464 -1.007657 -3.448843 -1.982629 -1.112150 -0.724519 -1.113780 -0.237835 0.571766 0.636981 1.741496 
-0.676099 -2.084069 -3.113883 -1.118413 -3.724916 -1.896104 -1.294521 -0.753328 -1.093925 -0.334825 0.496560 0.427560 1.573019 
-0.356545 -1.749027 -3.453118 -1.914884 -2.932780 -3.046466 -1.432001 -1.016273 -0.868119 -0.583750 0.425407 0.915977 1.416505 
-0.369676 -1.891454 -2.976233 -1.729088 -3.084694 -2.727694 -1.310807 -0.762360 -0.602838 -0.218530 0.368350 1.002676 1.783360 
-0.822584 -1.908214 -3.087167 -1.543864 -3.433122 -2.671794 -1.266600 -1.016004 -0.660044 -0.525218 0.480238 0.765735 1.516901 
-1.056793 -2.113294 -2.873597 -1.871326 -3.541481 -2.662421 -1.184436 -1.097319 -0.891256 -0.424914 0.492149 0.746598 1.645597 
-1.539273 -1.826890 -2.544129 -1.671086 -3.725749 -2.201978 -1.406661 -0.840472 -0.506631 -0.136082 0.702063 0.821349 2.049245 
-0.969786 -1.977643 -2.632322 -1.528668 -3.856250 -2.300745 -1.485051 -0.859815 -0.855912 -0.002660 0.562825 0.671971 1.847434 
-1.371254 -1.865129 -2.359306 -1.595187 -3.761302 -2.254820 -1.735607 -0.717984 -0.348541 -0.086940 0.805875 0.782157 1.983546 
-1.434315 -1.632809 -2.939103 -1.556051 -3.678204 -2.516602 -1.785505 -0.562724 -0.554302 0.208356 0.574058 0.780634 2.099041 
-1.337542 -1.812727 -2.815547 -1.601357 -3.723705 -2.670466 -1.623980 -1.054756 -0.427786 0.064983 0.414845 0.645334 2.006201 
-1.085283 -1.187258 -3.012649 -1.383987 -3.652730 -2.536771 -1.646887 -0.647149 -0.151052 0.210230 0.577407 1.010381 1.984837 
-1.200800 -1.492614 -3.222822 -1.897017 -3.801638 -2.629878 -2.141566 -1.016453 -0.562341 0.046661 0.221010 1.078228 1.461194 
-0.423794 -1.270694 -2.967886 -1.686254 -3.275111 -2.670384 -1.684397 -0.685146 -0.376611 0.584526 0.492936 1.275800 1.818750 
-0.646729 -1.425596 -3.249759 -1.750500 -3.454424 -2.739428 -1.769264 -0.744215 -0.399104 0.214632 0.317425 1.265020 1.597247 
-0.540160 -1.427805 -2.877293 -1.402566 -3.437526 -2.825541 -1.424890 -0.458107 -0.272114 0.866582 0.520498 1.358579 2.040861 
-1.451178 -1.777077 -3.326983 -1.589809 -3.838888 -3.439051 -1.707674 -0.883065 -0.123387 0.634148 0.548122 0.826307 2.008228 
-1.105912 -1.355155 -2.768309 -0.709155 -3.478014 -3.422339 -1.646261 -0.561779 0.192742 0.729262 0.922806 0.919145 1.889653 
-1.740432 -1.980140 -3.163440 -0.936553 -3.986120 -3.644723 -1.671173 -0.389314 -0.170669 0.718319 0.710210 0.947738 1.844970 
-2.574394 -1.302968 -3.186079 -0.353014 -4.103461 -3.156021 -1.777369 -0.025472 -0.000747 1.035246 1.249488 1.025795 1.873107 
-2.587301 -1.546124 -2.798368 -0.272054 -4.084192 -3.457503 -1.582564 0.028056 -0.046555 1.253411 1.522585 1.178585 1.998533 
-3.363361 -1.256801 -2.738289 -0.608054 -3.829997 -3.208392 -1.769293 0.196459 0.127176 0.951929 1.499505 1.195927 1.757886 
-3.353700 -1.203058 -2.985231 -0.354433 -4.075136 -3.412785 -1.545368 -0.123584 -0.256347 1.104243 1.266079 0.839484 1.869627 
-3.386923 -1.025660 -2.245721 -0.706152 -3.948428 -3.497597 -1.528154 -0.278982 -0.062712 0.920311 1.271808 1.081815 1.496320 
-4.220948 -1.094423 -2.120162 -0.936159 -3.861840 -3.137953 -1.672058 -0.001580 -0.199679 1.081956 1.321715 1.057811 1.618216 
-4.106094 -1.505579 -2.033852 -1.384547 -3.610985 -3.140369 -1.839935 0.162497 -0.377687 0.931993 1.227643 0.838334 1.571363 
-4.505053 -1.321412 -1.596910 -1.130500 -3.418294 -2.828237 -1.630813 0.018203 -0.046870 1.019660 1.402745 1.065553 1.337361 
-4.478761 -1.516957 -1.524230 -1.252740 -3.322086 -3.072232 -1.844499 0.013730 0.098917 1.000017 1.585324 1.243634 1.254006 
-4.809157 -1.595497 -1.494038 -1.414966 -3.451273 -2.930609 -1.784343 0.200757 0.089009 1.306971 1.784120 1.484538 1.423603 
-4.976968 -1.659947 -0.956532 -1.864826 -3.144203 -3.152463 -1.217209 -0.043048 -0.126221 1.502384 1.377531 1.557575 1.315073 
-5.939128 -1.669677 -1.465638 -2.174905 -3.754830 -3.068317 -1.318621 -0.278425 0.139392 1.331386 1.477090 1.948491 1.308523 
-5.634053 -0.924849 -1.148222 -1.711773 -3.500618 -2.383640 -1.396241 0.662983 -0.029754 1.358752 1.646936 1.818807 1.225958 
-5.468142 -1.072664 -1.090469 -2.259196 -3.386964 -2.492384 -0.996332 0.852180 0.379094 0.874852 2.015508 1.876205 1.339086 
-5.261683 -2.667136 -2.627806 -2.813262 -4.183525 -2.802317 -1.073699 1.012305 0.238504 0.891990 1.811120 2.268782 1.032084 
-2.552105 -1.204585 -2.620964 -1.966511 -3.004832 -2.481951 -0.013412 1.250170 0.530237 1.280059 1.424177 2.264892 0.037895 
-1.573678 -1.461591 -4.245209 -3.238258 -4.062059 -2.307847 0.063415 0.201238 0.519153 1.011920 2.418660 1.395041 0.110690 
-1.763020 -1.742963 -4.237705 -2.009454 -2.426272 -1.452138 -0.644456 0.834961 0.524602 0.590222 0.875726 0.477354 0.372865 
-2.461057 -1.586948 -3.269742 -0.881011 -3.806815 -2.309917 -1.446187 0.642336 0.097810 1.149325 1.177655 1.235185 1.417049 
-2.723791 -1.436639 -2.789790 -0.560443 -3.570199 -2.983610 -1.722048 0.353278 -0.213135 1.233366 1.487078 1.067870 1.592547 
-3.288616 -1.043267 -2.795778 -0.632762 -3.909591 -2.884762 -2.241150 0.652068 -0.298089 1.035799 1.300019 1.114292 1.575856 
-3.406062 -0.779850 -2.281644 -1.011774 -3.518895 -2.774492 -2.141191 0.554256 -0.259528 0.725043 1.087219 0.849228 1.660025 
-3.768577 -1.390565 -2.147592 -1.510752 -3.483976 -3.238450 -2.191186 0.181999 -0.449088 0.447729 0.864530 0.725103 1.741059 
-3.921498 -0.754691 -2.202548 -0.814424 -3.820889 -2.555462 -1.750594 0.082428 -0.083917 0.282669 0.593913 0.619638 2.039484 
-3.789791 -1.061198 -2.312557 -0.991582 -3.654926 -2.431185 -2.059320 -0.031175 0.037993 0.240305 0.836312 0.745809 2.167706 
-4.336018 -1.125468 -2.388047 -1.604264 -3.794905 -2.634806 -2.042254 -0.514163 -0.432629 0.131232 0.360147 0.539013 1.985993 
-3.699137 -0.883370 -1.685637 -1.798032 -3.288825 -1.949871 -1.813792 -0.177583 -0.485568 0.126121 0.506610 0.618822 2.042081 
-3.755743 -1.268891 -1.871042 -2.166861 -3.418742 -1.719765 -2.004633 -0.531350 -0.581714 -0.273015 0.635260 0.751980 1.810307 
-3.470886 -1.472279 -2.183620 -2.286477 -3.643497 -1.779354 -1.904627 -0.775526 -1.019482 -0.594073 0.612633 0.602517 1.621742 
-2.701672 -1.410298 -2.570856 -1.918739 -3.213117 -2.122565 -1.261266 -0.850791 -1.132188 -0.520652 0.567447 0.816879 1.559703 
-2.011389 -0.976705 -2.728671 -1.650297 -2.903545 -1.774368 -1.466925 -0.298750 -1.264387 -0.754076 0.573360 0.954978 1.555779 
-0.813103 -1.946342 -2.867981 -1.640341 -3.142270 -1.945679 -1.409271 -0.647711 -1.535354 -1.094665 0.559389 0.605130 1.405504 
1.621052 -1.058148 -3.453211 -2.583393 -2.439595 -2.535602 -1.567284 -0.822551 -0.519414 0.081502 0.424850 1.084634 2.172623 
1.016637 -1.395050 -3.360458 -2.768426 -2.591428 -2.711015 -1.811559 -0.888117 -0.379744 0.201559 0.184441 0.907281 2.457004 
1.196670 -1.763277 -3.033970 -2.735038 -2.327601 -2.772053 -2.020981 -0.664603 -0.128639 0.415249 0.425920 0.953253 2.407408 
1.567559 -1.876045 -3.007899 -1.871991 -2.290282 -2.878677 -2.594408 -0.403953 -0.074887 0.641361 0.855556 0.828195 2.129834 
1.703886 -2.700031 -2.250070 -1.619280 -2.260102 -3.498931 -2.084985 -0.266471 0.257136 1.046282 1.443576 0.984685 2.150745 
1.220902 -3.017691 -2.132330 -1.473960 -2.919797 -3.575268 -2.108675 0.310831 -0.554435 1.367913 2.099693 1.023916 1.871129 
1.029905 -3.094494 -2.101457 -1.657508 -2.964097 -3.020105 -1.909534 0.339217 -0.381076 1.822720 1.989981 1.335690 2.199397 
0.882849 -3.628383 -1.503057 -2.390717 -3.044545 -2.384614 -1.646821 0.210869 -0.240893 1.575641 1.949337 1.467949 1.773847 
0.484528 -4.039141 -1.188447 -2.186321 -3.418571 -2.355397 -1.360999 -0.005494 -0.303755 1.570057 2.092865 1.396345 1.695010 
-0.136873 -3.741715 -1.203315 -1.987646 -3.416090 -1.823876 -1.384797 0.053923 -0.032491 1.682614 1.857067 1.432333 1.552386 
-0.685800 -3.553323 -1.141366 -2.689543 -2.984351 -2.236501 -0.803022 0.048036 0.089422 1.327728 2.022631 1.575048 1.625662 
-1.137805 -3.522776 -0.737577 -3.054847 -3.266822 -1.986564 -1.058997 0.105729 -0.014148 1.258039 2.272785 1.745939 1.678188 
-2.704504 -2.807861 -1.406851 -2.112362 -2.502270 -1.292480 -0.514955 0.044611 -0.640879 0.070841 0.075754 -0.089942 -0.504539 
-2.287985 -2.682477 -1.188030 -1.290350 -2.740060 -1.794220 -0.159051 0.222811 -0.880166 -0.641940 0.307816 0.002072 0.160669 
-2.593643 -3.192609 -1.345368 -0.246843 -2.361187 -1.977202 -0.998269 -0.275422 -1.395694 -1.169650 0.000736 0.299959 0.693213 
-2.670530 -3.308022 -1.666357 -0.372630 -2.575097 -1.960047 -1.015482 -0.824332 -1.595025 -1.085790 0.090898 0.310377 1.038363 
-3.046991 -3.532318 -1.528260 -0.468139 -2.818369 -2.190602 -1.074962 -0.801970 -1.568086 -1.665514 0.103299 0.614668 1.132133 
-3.327516 -3.388469 -1.464733 -0.460965 -3.448553 -1.969538 -0.937154 -0.593219 -1.565125 -1.706783 0.259519 0.775712 1.395119 
-3.284959 -3.087219 -1.129672 -1.323058 -3.206978 -1.798932 -0.735000 -0.895974 -1.776319 -0.931460 0.285420 0.633989 1.535954 
-3.287543 -2.725045 -1.427451 -1.601851 -3.963397 -1.884096 -1.020008 -1.064262 -1.347835 -1.452341 0.000697 0.759901 1.647924 
-3.269336 -2.510066 -1.159591 -1.947473 -3.913809 -1.279611 -1.283531 -1.021450 -1.260575 -0.663932 0.313600 0.743875 1.677908 
-3.650328 -2.170862 -1.587039 -2.384105 -3.778317 -1.138561 -1.446818 -1.377958 -0.998365 -0.880619 0.020237 0.828865 1.714462 
-3.416632 -1.400967 -2.068215 -3.379155 -3.214236 -1.250038 -1.951598 -1.227680 -0.809052 -0.983176 -0.180387 0.938036 1.736461 
-2.260381 -0.476930 -3.817397 -2.704244 -2.208196 -1.731231 -2.634613 0.280703 -1.291028 -1.556155 0.750689 1.234381 1.104462 
0.059020 -1.206419 -4.637360 -2.058709 -2.061600 -2.894029 -1.716949 -0.118875 -1.967962 -1.214612 0.376585 0.905569 1.297865 
1.530899 -1.945501 -4.604160 -1.571249 -2.722392 -2.525961 -1.341641 -0.755423 -2.139376 -1.170892 0.618452 0.624588 0.939077 
2.678626 -0.704249 -4.708464 -2.001095 -2.595820 -1.942792 -1.023007 -1.414606 -1.592845 -1.474296 -0.155649 0.842656 0.882444 
1.890376 -2.338799 -3.227439 -2.550576 -2.395470 -2.926162 -0.494551 -0.994231 -0.955644 -1.553377 0.339961 0.018538 1.644693 
1.260008 -2.022493 -3.952399 -1.323320 -2.272920 -2.108299 -1.167050 -1.037704 -1.279628 -1.159703 0.494117 0.350262 1.378508 
-0.703924 -1.133723 -4.184036 -1.697155 -2.245941 -2.439982 -0.910601 -1.092811 -2.033259 -1.152984 0.129182 0.108194 1.591829 
-1.672277 -0.174868 -4.293040 -1.597549 -1.604068 -2.084698 -0.718602 -0.874786 -1.897083 -1.152669 0.239284 0.418703 1.633572 
-2.782125 -0.037203 -4.443724 -1.663581 -1.925367 -1.938215 -1.203757 -0.768385 -2.255207 -1.446451 0.277742 0.156477 1.500484 
-2.481626 -0.239450 -3.839147 -1.774914 -1.632804 -1.873529 -1.015263 -0.132634 -2.176417 -1.310377 0.406409 0.394038 1.682253 
-2.165357 -0.304715 -3.976628 -1.581541 -1.697150 -1.823549 -1.009829 -0.134748 -2.016930 -1.406185 0.397452 0.576273 1.534035 
-2.018980 -0.523413 -4.149944 -1.475321 -1.878351 -1.894041 -1.157605 -0.258479 -1.970221 -1.500995 0.269912 0.645000 1.556831 
-1.250112 -0.420566 -4.687143 -1.231214 -1.884552 -2.023447 -1.197100 -0.127036 -1.817938 -1.504510 0.156784 0.974174 1.575797 
-0.829424 -1.093899 -4.836985 -1.241999 -2.229253 -2.433821 -1.233002 -0.534719 -2.028636 -1.602196 -0.028869 0.775812 1.345076 
0.062384 -0.976713 -4.663282 -1.160882 -2.621944 -1.909285 -1.229623 -0.556856 -1.308740 -1.336926 0.428843 1.014939 1.588007 
1.138384 -0.995241 -4.647073 -0.941876 -2.663454 -2.221632 -1.164010 -0.473850 -1.300974 -0.870412 0.147421 1.251255 1.503165 
0.983435 -1.372023 -4.513200 -0.922458 -2.953215 -2.268232 -1.468986 -0.491581 -1.173854 -0.624591 0.500130 1.106273 1.462764 
0.719880 -1.160672 -3.989500 -0.974596 -3.208756 -2.171026 -1.537462 -0.344673 -0.786703 -0.214197 0.420027 1.373377 1.799445 
0.160624 -1.432880 -3.897981 -1.258674 -3.466257 -2.482924 -1.915205 -0.531374 -0.966079 0.032405 0.270934 1.041949 1.818264 
-0.322062 -2.046584 -3.294505 -1.605970 -2.615322 -3.424267 -1.597966 -0.397926 -0.564100 0.324756 0.555141 0.984569 1.938435 
-2.410336 -1.646688 -3.828392 -1.275697 -2.604110 -3.557319 -1.973438 -0.058582 -0.579697 0.483003 0.412034 1.029130 1.929864 
-2.744094 -2.041143 -3.019110 -1.109204 -2.507226 -3.626633 -2.293200 0.232921 -0.463327 0.696322 1.234625 0.923051 1.758004 
-3.555290 -1.800679 -2.469617 -1.710945 -2.293612 -3.157262 -2.889312 0.687097 -0.404519 0.586541 1.804133 1.265978 1.261262 
-4.285870 -1.860263 -1.556871 -2.528867 -2.406091 -2.469373 -3.011485 0.785583 -0.324819 0.681572 1.809329 1.679835 1.054857 
-4.596982 -1.792972 -1.201804 -2.443012 -2.466380 -2.324574 -2.593227 0.300645 -0.166239 1.254138 1.597547 1.872790 1.266293 
-5.167397 -1.989752 -0.402561 -2.711116 -3.104340 -1.615921 -2.469137 0.097748 0.096864 1.195640 1.762194 2.049825 1.245111 
-6.048837 -2.221043 -0.401312 -3.420424 -3.370271 -1.514146 -1.550713 -0.025267 0.132160 1.078894 2.025098 2.045206 1.288653 
-6.489815 -1.900501 -0.120643 -3.497036 -2.947316 -1.333075 -0.995911 0.710905 0.343713 1.188243 2.091740 1.685639 1.028894 
-7.063306 -1.811840 -1.131194 -3.680366 -2.515857 -1.018941 -0.921122 0.976676 0.544916 1.760826 2.148886 1.417366 0.693024 
-7.304107 -2.345951 -0.590666 -3.562084 -2.544560 -0.571755 -0.819337 1.302869 0.957945 2.247195 1.725646 1.045134 0.039225 
-8.303391 -2.666192 -1.026899 -4.159182 -2.485271 -0.407588 -0.959973 0.675016 1.833331 2.136034 1.744646 0.745684 -0.852465 
-7.966204 -2.526820 -0.584698 -3.747091 -2.343908 0.019303 -0.335839 1.434535 1.678935 2.827448 1.470082 0.066371 -1.899661 
-7.837184 -3.369909 -0.490345 -4.165479 -2.603839 -0.085849 -0.388121 2.221751 2.121466 2.521481 1.309643 -0.725689 -2.279341 
-5.695481 -2.162091 -0.720362 -3.726635 -1.766376 -0.057809 0.591314 2.266867 1.979568 2.085505 0.578628 -1.518367 -2.576385 
