8.25396e-07  1.96742e-44  3.4678e-11  6.19994e-14  9.87665e-26  1.67493e-15  0.999901  4.20358e-27  6.30144e-13  3.30748e-44  6.85462e-56  5.9736e-35  1.64478e-143  9.81684e-05  1.96568e-11  7.37733e-15  1.59065e-09  3.39372e-31  6.23693e-58  3.17581e-08  
4.49257e-08  7.71639e-53  6.14652e-13  1.48702e-16  2.4733e-28  2.9819e-17  0.999959  3.94181e-33  1.78475e-15  1.1594e-48  2.80069e-64  5.25171e-38  1.69145e-167  4.06728e-05  3.75514e-13  2.85604e-16  3.06369e-09  5.05983e-34  5.26516e-68  3.00175e-11  
6.92325e-09  1.35463e-54  2.67945e-11  1.20659e-15  1.38343e-29  1.63934e-15  0.993991  7.18041e-35  1.59578e-13  2.76155e-47  5.61711e-68  6.22996e-35  6.63523e-171  0.00600935  4.34587e-12  3.32432e-15  4.85238e-08  5.42305e-32  1.07655e-70  4.61629e-10  
7.80695e-09  5.18078e-52  2.38583e-15  1.36204e-18  5.53654e-28  2.08223e-19  0.999997  2.05097e-31  5.62181e-16  1.41782e-49  6.59487e-61  1.64243e-38  9.00631e-160  3.05923e-06  1.8702e-13  3.80181e-18  8.06714e-10  4.83133e-35  9.68477e-64  6.89894e-12  
1.29318e-09  1.55969e-52  9.94951e-17  4.92522e-20  3.95723e-28  6.53528e-21  1  3.25702e-32  4.64333e-17  3.14491e-51  3.61481e-62  1.56541e-40  1.34953e-163  7.82499e-08  1.75888e-14  1.20161e-19  6.1607e-11  4.13843e-37  1.06734e-65  5.36643e-13  
2.65685e-11  1.80506e-66  1.55116e-17  1.95142e-21  2.15205e-35  3.6796e-22  1  5.08969e-43  9.83017e-19  2.76804e-59  3.36196e-80  5.56191e-45  2.17841e-206  3.24175e-08  1.19044e-17  4.90448e-22  6.45004e-11  1.99872e-42  4.56251e-86  3.67043e-15  
1.22926e-10  7.48936e-62  7.83602e-21  3.39302e-23  1.97869e-32  1.48912e-25  1  4.82969e-38  5.14548e-22  1.19175e-61  1.2271e-68  1.05384e-49  4.39218e-188  2.64374e-11  3.13497e-18  2.4106e-24  1.9017e-12  1.36192e-45  6.01148e-75  4.54765e-17  
1.99688e-12  2.05532e-66  3.43857e-24  3.14215e-26  9.94711e-33  2.054e-28  1  5.04037e-42  1.0957e-25  1.79443e-64  4.50975e-73  9.09439e-54  2.14687e-203  1.04952e-14  1.12517e-21  8.23019e-27  9.09824e-14  4.21276e-49  2.44185e-81  6.13451e-21  
4.74457e-12  3.95305e-71  6.08998e-22  1.77099e-23  1.76664e-35  9.71845e-26  1  7.01764e-46  4.64654e-23  4.5333e-63  3.77172e-81  1.26657e-50  1.86654e-216  5.34169e-12  5.33636e-20  1.77777e-24  7.89946e-12  1.58527e-46  6.49093e-89  7.14719e-19  
8.66773e-12  5.71247e-67  9.31173e-25  3.71785e-26  3.91442e-32  3.65687e-29  1  1.85055e-42  2.53926e-26  5.87205e-64  5.68745e-72  7.03891e-55  5.26902e-203  1.71409e-15  6.63791e-22  1.36396e-26  4.38357e-13  1.33672e-48  5.43767e-81  1.23306e-21  
1.56066e-14  9.69415e-79  8.01311e-29  1.18065e-30  6.81306e-36  3.49259e-33  1  8.36101e-52  1.33107e-30  7.64937e-71  1.13643e-85  3.82851e-61  8.86356e-241  5.50164e-19  1.31793e-27  9.44975e-31  1.46632e-14  1.50833e-54  6.40699e-98  1.35629e-26  
8.32173e-14  5.10347e-74  9.03464e-24  1.1101e-25  1.36194e-35  1.47287e-28  1  4.2155e-48  1.73616e-25  1.14247e-66  7.71171e-81  3.09592e-54  2.46409e-221  1.53314e-13  3.97779e-23  2.32402e-27  3.60252e-12  7.5101e-49  5.21265e-90  8.34877e-22  
5.9762e-18  1.73979e-92  9.51665e-34  8.20269e-36  4.94932e-40  3.08246e-38  1  9.34903e-63  1.92083e-36  2.44174e-79  2.22672e-100  4.89512e-69  0  7.67675e-23  4.62714e-34  1.32251e-35  2.07072e-16  1.73424e-61  4.78338e-117  6.58574e-33  
7.84594e-17  2.51529e-81  1.45038e-30  2.38715e-33  7.05153e-36  1.37792e-35  1  9.77276e-55  5.85072e-34  1.16519e-74  7.11456e-87  2.78836e-65  2.01547e-249  2.86381e-20  5.45952e-31  1.2735e-33  4.81119e-16  4.83056e-58  3.39742e-101  8.36769e-31  
1.27114e-19  6.07062e-96  2.05092e-35  1.35871e-38  1.33619e-40  1.05347e-40  1  8.12029e-66  7.03889e-40  1.0847e-83  7.1774e-102  1.19545e-73  0  6.15296e-24  6.50821e-37  6.23186e-38  2.06996e-17  1.41084e-64  1.81573e-120  2.30682e-37  
1.58311e-18  6.08878e-94  2.41823e-35  1.96501e-38  4.34057e-40  8.33863e-41  1  1.18161e-63  9.51571e-40  1.92955e-83  3.28982e-97  7.87564e-74  0  4.11754e-24  2.27925e-36  9.35061e-38  6.07488e-17  1.82879e-64  3.78952e-116  3.97535e-37  
3.46648e-19  8.62935e-95  1.12445e-33  1.34347e-37  2.45613e-40  2.90696e-39  1  1.56325e-64  7.8917e-39  7.25988e-83  4.61776e-99  1.33417e-72  0  8.10371e-22  4.69849e-36  3.56494e-37  1.40795e-16  2.74364e-63  5.99636e-117  3.52673e-36  
1.59965e-16  2.99532e-83  1.56453e-25  9.20396e-30  1.27469e-37  6.88174e-31  1  6.03079e-56  1.76152e-30  9.79897e-73  1.77207e-89  1.18129e-60  2.46105e-249  2.36072e-14  1.57187e-28  2.9171e-30  1.11024e-13  7.83518e-54  2.99381e-102  9.11777e-28  
4.13564e-21  1.17219e-101  4.54184e-37  1.667e-41  6.33848e-42  2.24018e-42  1  3.39707e-70  1.6292e-42  3.4674e-87  7.02598e-107  4.0779e-77  0  1.04861e-24  1.79374e-40  4.24404e-40  5.80342e-18  5.25903e-67  4.82101e-127  1.87396e-40  
4.82465e-22  2.45399e-104  1.45641e-38  8.65652e-44  1.97027e-42  5.56572e-44  1  1.1657e-72  1.38327e-44  1.55212e-89  2.07616e-109  1.24756e-79  0  4.68828e-26  1.28996e-42  7.67397e-42  8.9991e-19  2.62019e-69  3.41046e-131  3.90799e-43  
8.80018e-18  9.47666e-87  2.85927e-27  8.32545e-33  2.13587e-38  6.00434e-33  1  3.02382e-59  5.14539e-33  2.25614e-75  4.1947e-92  3.66842e-63  7.53506e-261  1.79058e-15  4.13643e-31  4.80275e-32  2.80239e-14  1.29886e-55  4.78836e-107  6.44053e-31  
1.96702e-21  8.09792e-106  1.40154e-37  5.45268e-43  5.4472e-43  1.67422e-42  1  6.32628e-74  4.99721e-43  1.15088e-86  3.21543e-112  2.30688e-76  0  6.57567e-25  5.84027e-42  6.04096e-40  1.38653e-17  1.15957e-66  1.50304e-134  1.88888e-41  
2.23599e-20  8.83717e-97  2.33759e-35  8.34366e-40  4.4362e-40  8.8919e-40  1  4.44043e-67  4.5735e-39  9.75152e-80  1.87143e-103  1.8961e-69  0  6.32664e-23  2.7523e-38  2.69135e-37  1.11708e-16  7.70331e-61  1.47005e-122  3.96687e-37  
6.44851e-21  1.45572e-101  2.49181e-36  4.46672e-40  4.2421e-42  1.54925e-40  1  6.64689e-71  2.49182e-39  2.26794e-80  1.15709e-110  5.15625e-70  0  8.96158e-24  3.17896e-39  1.01077e-37  6.01646e-17  1.74922e-61  4.61598e-131  3.85131e-37  
1.71788e-18  4.68259e-87  2.65264e-32  2.73741e-35  3.49771e-37  1.8656e-36  1  1.2831e-59  1.79305e-34  3.19043e-72  6.49557e-95  2.29011e-62  7.06948e-267  2.13185e-20  3.06582e-33  4.55428e-34  7.67614e-16  1.21269e-54  1.14281e-110  7.64776e-32  
1.39502e-19  4.59407e-93  2.22169e-34  9.59102e-38  4.5706e-39  2.39645e-38  1  1.94746e-64  6.62433e-37  3.8157e-75  4.48726e-102  7.72694e-65  0  1.72301e-22  5.58323e-36  1.25729e-35  1.75471e-16  2.92858e-57  4.05572e-120  1.27489e-34  
6.51041e-17  3.85892e-80  2.25938e-29  3.29033e-33  1.15647e-34  1.18634e-33  1  1.71781e-54  4.25567e-32  7.91201e-68  9.61499e-87  1.1341e-57  1.33139e-245  6.54842e-18  1.72697e-30  1.68916e-31  1.32819e-14  1.88361e-50  2.71522e-101  7.90132e-30  
9.93243e-16  1.85713e-76  8.08143e-28  1.52494e-31  1.08511e-33  1.42552e-31  1  2.59016e-52  8.88673e-30  1.66929e-63  3.53755e-84  4.74979e-53  1.8048e-236  5.78843e-17  1.2094e-28  1.87243e-29  1.19987e-13  2.07643e-47  1.88829e-98  2.71043e-28  
4.1299e-14  1.45593e-76  2.24957e-28  1.04841e-30  1.41168e-33  1.16699e-30  1  2.34071e-52  1.44827e-28  1.10975e-59  1.15536e-85  2.89895e-49  3.40745e-238  1.01206e-17  5.96931e-28  1.12791e-27  7.56624e-13  3.01378e-45  1.07157e-100  8.76921e-27  
1.82918e-10  5.55735e-59  9.59696e-24  7.59007e-25  1.85205e-27  9.64326e-26  1  1.73852e-38  1.1262e-22  2.36471e-48  1.86364e-65  6.64216e-39  4.0514e-183  3.20714e-14  4.38402e-21  6.47925e-23  1.30057e-10  3.15808e-36  1.03964e-75  2.30219e-20  
2.70365e-11  2.26764e-68  3.53971e-26  2.04732e-25  2.28672e-30  1.25229e-26  1  7.46698e-47  4.45499e-23  6.6445e-46  6.27201e-81  1.15399e-35  1.40724e-216  1.82777e-16  1.11986e-22  2.9749e-22  2.67452e-10  3.04035e-35  1.38133e-94  1.76516e-20  
1.13755e-10  7.47863e-64  3.20411e-23  3.12597e-22  2.31627e-28  9.13988e-24  1  3.12258e-44  1.11711e-20  3.48759e-40  3.16329e-77  1.27024e-30  1.5664e-203  7.71301e-14  6.98193e-20  1.21374e-19  4.54958e-09  6.87364e-30  6.3699e-90  3.78408e-17  
1.00618e-08  7.0331e-54  3.99834e-19  4.78189e-18  4.21055e-24  9.17798e-20  1  1.63206e-37  1.88601e-18  2.44962e-33  2.59933e-66  6.33042e-26  2.55165e-176  3.13029e-11  1.04178e-17  9.08345e-17  1.57468e-07  7.86022e-25  1.10714e-77  3.96105e-15  
3.6674e-08  2.23022e-58  1.0864e-18  3.08966e-17  5.147e-25  4.76111e-18  0.999996  7.49578e-43  1.16531e-18  1.46854e-30  1.08675e-73  3.27507e-24  2.17227e-195  2.05516e-11  4.57699e-20  7.69802e-15  4.2536e-06  1.98632e-23  1.40569e-88  8.08172e-17  
1.68425e-08  7.66866e-57  2.3425e-13  3.15856e-14  2.14037e-23  3.34689e-12  0.99384  1.76318e-44  7.83851e-15  1.41411e-21  4.43535e-75  4.78623e-16  5.13945e-193  3.23063e-07  1.1322e-18  1.60481e-09  0.00616013  5.63667e-15  1.00948e-90  3.22421e-15  
9.06503e-10  1.41915e-49  1.34285e-09  2.66077e-12  3.10582e-19  1.27621e-08  0.888021  2.71296e-40  6.1372e-12  1.77755e-14  1.29434e-68  1.52256e-10  2.69375e-171  0.000109225  2.24943e-16  7.74662e-07  0.111869  7.78433e-09  5.56974e-82  3.3747e-13  
2.65282e-10  9.7519e-42  9.07608e-07  9.11694e-12  6.54469e-14  6.4152e-06  0.958844  8.21422e-36  4.52006e-11  1.8247e-09  2.07358e-61  1.85696e-10  1.29391e-150  0.0353638  1.44095e-14  0.000205236  0.00544228  0.000137131  1.26613e-70  3.95547e-11  
4.40849e-11  2.41653e-42  1.33036e-05  5.20536e-13  8.27725e-13  3.3038e-05  0.430241  3.35575e-37  2.08469e-11  3.48646e-08  2.63732e-64  3.00445e-09  3.28277e-154  0.545787  3.18861e-15  0.0103827  0.00430848  0.00923491  5.03555e-73  1.09716e-11  
8.56888e-10  5.19628e-59  5.39176e-29  6.09686e-21  6.47363e-27  2.51572e-24  1  2.66486e-44  8.7761e-15  1.9885e-26  9.42445e-84  8.49713e-21  1.95473e-203  9.95375e-19  9.97004e-15  9.4192e-15  2.19958e-10  6.18784e-21  3.74419e-96  1.3492e-11  
3.41772e-10  5.28772e-64  1.89537e-30  2.59987e-22  5.0462e-29  1.74822e-25  1  1.09265e-47  2.37539e-16  1.48509e-29  9.39543e-89  1.73251e-23  2.8474e-217  1.0173e-19  1.15294e-16  4.81767e-16  9.60931e-11  1.16053e-23  4.43852e-102  6.25882e-13  
1.91045e-10  1.24972e-60  7.37757e-30  3.17884e-22  1.20254e-28  2.30917e-25  1  1.35884e-44  1.74462e-16  4.90741e-31  3.47687e-83  5.49104e-25  2.57707e-204  4.11903e-19  2.05568e-16  5.10547e-17  2.34127e-11  4.33992e-24  1.03226e-94  3.46937e-13  
3.45699e-11  4.27779e-64  1.60458e-30  2.91185e-23  1.36049e-29  3.53676e-26  1  2.551e-47  1.7086e-17  8.41251e-33  1.14067e-87  1.18577e-26  1.71225e-215  8.15405e-20  1.11876e-17  1.20014e-17  9.86393e-12  5.23993e-26  3.26058e-100  1.92346e-14  
6.42256e-12  4.35816e-67  4.19649e-32  1.45198e-25  6.2962e-31  2.16107e-28  1  2.10755e-49  7.80811e-20  3.93909e-37  4.06691e-89  1.46906e-30  7.17525e-223  4.64943e-21  6.35231e-20  3.49158e-20  1.25667e-12  2.34143e-29  5.88699e-103  3.68861e-17  
7.32382e-13  5.3524e-69  1.70355e-33  3.58077e-27  1.99494e-32  3.8091e-30  1  9.76321e-51  1.70269e-21  6.31862e-41  3.95411e-90  2.63631e-33  6.46095e-227  5.95046e-22  1.91171e-21  4.56827e-22  1.2416e-13  7.62861e-32  3.17488e-104  7.10723e-19  
9.6203e-14  1.52541e-79  5.86787e-37  2.27033e-30  1.75619e-36  3.43331e-33  1  1.778e-58  1.08803e-24  1.949e-46  3.74013e-102  9.60208e-38  2.12381e-259  1.43627e-24  3.5449e-25  2.99088e-24  1.02531e-14  5.97011e-37  2.45078e-119  1.09551e-21  
1.76851e-13  7.14653e-77  2.09232e-36  4.02504e-30  1.37044e-35  4.29284e-33  1  1.12941e-55  1.15685e-24  3.77629e-47  2.03196e-97  2.15589e-38  1.42512e-248  4.15193e-24  1.32476e-24  1.82086e-24  1.16538e-14  3.78474e-37  2.27306e-113  2.24386e-21  
9.25377e-14  4.70252e-76  2.8718e-35  8.46159e-29  1.07036e-35  7.11565e-32  1  4.7976e-55  2.20528e-23  3.2379e-46  7.3597e-97  1.7994e-36  2.65744e-244  6.84301e-23  4.00321e-23  1.33224e-23  5.75597e-14  1.22336e-35  1.72354e-111  4.59629e-20  
3.55613e-14  6.36086e-80  1.50769e-36  6.48142e-30  1.2597e-37  4.78306e-33  1  1.00107e-57  1.37566e-24  1.13674e-48  1.21758e-100  3.84724e-38  1.885e-254  6.10483e-24  2.61893e-24  1.21675e-24  2.81258e-14  1.48211e-37  4.18814e-116  2.0991e-21  
8.20649e-15  4.43716e-79  1.76272e-37  2.94687e-31  1.45379e-36  4.09921e-34  1  1.52354e-57  4.93233e-26  7.58273e-49  1.54338e-99  2.0026e-39  8.3642e-253  5.51865e-25  2.04669e-25  7.18899e-26  5.34144e-15  1.7752e-38  1.56094e-115  3.11185e-23  
3.63053e-15  1.393e-76  3.23011e-35  1.87887e-29  7.14873e-36  2.28809e-32  1  9.11811e-56  8.87143e-25  3.04364e-48  2.04433e-96  2.01591e-38  3.51485e-243  4.61547e-23  5.47202e-24  4.49957e-25  2.31975e-14  6.55199e-37  1.16587e-110  6.89686e-22  
7.41786e-17  6.35546e-90  4.58256e-40  6.06196e-35  2.6623e-40  1.94572e-37  1  2.34101e-66  1.72152e-30  2.97759e-56  3.30546e-111  1.97436e-46  0  2.74402e-27  1.51064e-30  5.22229e-29  3.6325e-16  2.43371e-44  1.34112e-130  5.78434e-28  
8.27393e-17  6.81511e-85  8.07964e-39  1.8219e-34  2.33793e-38  9.2224e-37  1  1.25684e-62  4.97285e-30  2.64039e-55  8.37673e-105  8.91564e-46  2.04395e-270  2.61014e-26  2.99422e-30  8.7338e-29  6.47258e-16  4.77029e-43  8.43164e-123  1.05043e-27  
1.82846e-17  1.78389e-85  1.28695e-35  6.79392e-32  6.37331e-40  5.02093e-34  1  3.32902e-63  2.13201e-27  7.74376e-55  1.44838e-105  3.43703e-43  7.2627e-268  4.12848e-23  6.00175e-28  6.79332e-27  1.55046e-14  3.93061e-40  7.81783e-122  4.72619e-25  
7.25006e-19  6.19821e-95  4.23499e-41  1.62828e-37  6.38261e-43  8.39994e-39  1  7.84429e-71  8.53314e-33  3.74843e-60  1.49255e-116  2.31506e-49  0  1.4027e-27  1.45972e-33  7.35567e-31  6.38899e-17  2.22989e-46  2.09229e-137  3.83205e-31  
1.7879e-18  6.04071e-88  1.57522e-38  1.2321e-35  3.5874e-40  1.15191e-36  1  2.00265e-65  9.72727e-31  8.26121e-57  2.98415e-108  1.25694e-46  9.81321e-279  2.1542e-25  3.62064e-31  1.40773e-29  2.78985e-16  2.98794e-43  9.58031e-127  4.55014e-29  
3.99073e-18  1.16535e-86  5.24178e-39  4.82264e-36  1.21905e-39  1.64114e-37  1  5.53486e-64  4.84527e-31  2.48495e-57  1.16246e-105  1.85225e-47  5.98925e-274  9.37516e-26  2.05146e-31  3.25418e-30  2.17329e-16  1.00977e-43  5.72069e-124  3.72475e-29  
1.62919e-19  1.46944e-96  9.32625e-42  3.32491e-38  3.1996e-43  1.17667e-39  1  4.1454e-72  2.28805e-33  3.85047e-61  3.42232e-118  6.12274e-51  0  3.88501e-28  8.98949e-35  9.45777e-32  3.10929e-17  1.45118e-47  3.15614e-139  2.10739e-31  
1.18415e-19  4.07798e-97  6.52144e-42  3.08415e-38  8.86219e-44  5.13164e-40  1  1.47359e-72  1.26681e-33  5.31519e-62  1.24535e-118  7.3e-52  0  1.5422e-28  2.96015e-35  3.83969e-32  2.04664e-17  3.15127e-48  7.59519e-140  9.45972e-32  
7.14285e-18  1.13544e-78  1.52447e-35  2.70428e-33  5.62054e-36  3.47398e-35  1  5.39756e-58  4.41304e-29  2.77256e-55  1.00063e-96  6.77044e-47  8.55822e-251  3.88174e-24  5.10147e-30  5.16276e-29  4.73505e-16  9.1688e-43  3.11071e-112  2.96019e-27  
3.14246e-19  7.63183e-84  4.62401e-36  1.98797e-34  3.29386e-38  9.85358e-37  1  1.95562e-61  1.26746e-30  3.03599e-60  1.42756e-100  1.62276e-50  3.45054e-264  2.08694e-24  7.79459e-32  3.44668e-31  1.9407e-16  9.50719e-46  3.20585e-117  8.91766e-29  
3.53068e-17  3.10907e-77  2.07089e-34  1.05126e-33  5.63898e-35  4.91335e-36  1  2.8887e-55  7.2722e-31  3.19123e-60  5.71629e-91  1.26582e-51  2.29328e-246  7.13797e-24  1.69926e-31  4.74482e-31  1.87424e-16  2.05553e-46  1.34445e-106  6.92968e-29  
6.12493e-17  2.88098e-79  4.01669e-34  9.6149e-35  1.28337e-34  2.10558e-35  1  4.32236e-57  1.13204e-31  1.44447e-59  5.10499e-94  3.74417e-51  1.29181e-257  1.01699e-23  3.85065e-33  3.93885e-31  1.96351e-16  3.43224e-47  2.83312e-112  9.64982e-31  
8.90012e-11  1.33665e-51  1.73832e-23  2.25356e-24  5.52261e-26  2.2851e-25  1  8.92026e-34  6.86055e-21  9.92232e-46  1.10923e-59  9.22068e-37  1.21552e-166  7.52071e-14  3.85481e-20  1.23807e-22  1.35586e-11  1.46268e-33  1.79301e-69  3.99226e-20  
7.20517e-11  3.12138e-48  2.67409e-23  1.32456e-25  1.65868e-24  1.45634e-25  1  5.67948e-31  4.80795e-21  5.69091e-46  5.21499e-54  7.07867e-38  3.86439e-152  5.35878e-14  3.14189e-19  3.75799e-23  7.70762e-12  4.25479e-34  2.54743e-62  9.09594e-21  
1.06816e-10  7.69003e-44  3.14211e-21  2.47718e-21  1.74748e-22  3.6833e-23  1  9.99734e-27  2.05833e-16  3.94349e-40  5.46892e-49  2.48985e-32  5.97462e-133  1.99863e-10  4.4515e-14  5.80383e-21  3.75648e-10  2.70725e-27  1.40821e-53  3.65723e-14  
2.28706e-20  2.90162e-102  2.22492e-37  1.72566e-42  1.91701e-42  2.52467e-43  1  1.4112e-70  1.52148e-43  1.55076e-87  1.74949e-106  1.33942e-78  0  2.38064e-26  6.63284e-41  9.83177e-41  1.16057e-18  1.70535e-68  9.21111e-127  1.04917e-40  
4.76989e-22  4.96262e-111  7.85305e-41  8.80038e-46  4.1234e-45  2.12643e-46  1  1.33313e-77  5.25522e-47  1.54905e-92  5.21511e-117  1.74801e-83  0  2.31743e-29  9.54908e-46  1.44923e-43  8.51732e-20  1.16578e-72  4.10824e-140  2.85734e-44  
6.79833e-23  1.01021e-115  7.58735e-38  3.00969e-43  1.01166e-47  7.0887e-43  1  1.01956e-81  1.96559e-44  7.96101e-92  6.69002e-126  9.71652e-80  0  7.63048e-26  3.13915e-45  1.05104e-40  2.38135e-18  2.88719e-70  1.22356e-148  3.90454e-42  
1.88589e-22  5.04928e-110  7.55311e-39  1.47368e-44  1.03912e-44  1.9919e-44  1  5.81641e-77  1.85026e-45  1.11469e-91  4.90753e-117  5.31308e-81  0  1.13067e-26  3.80203e-45  1.11361e-41  6.70443e-19  7.60474e-71  2.17674e-139  2.88277e-43  
7.20097e-21  3.11549e-99  1.41068e-37  6.00135e-44  4.40591e-41  1.70687e-43  1  1.42528e-68  1.39849e-43  1.45742e-88  1.98851e-103  5.45104e-78  0  6.60451e-26  6.96128e-42  1.10671e-40  1.65668e-18  1.20207e-68  1.4036e-123  1.51189e-42  
7.55171e-23  1.74678e-114  1.4932e-40  1.18816e-46  5.4167e-47  1.18975e-45  1  4.23278e-80  7.42e-46  3.46291e-94  7.15441e-122  3.2803e-81  0  2.18972e-27  8.06558e-45  3.81555e-42  8.99198e-19  2.25723e-72  7.29532e-146  1.38389e-45  
5.62089e-18  7.23438e-91  9.8627e-34  3.04273e-39  1.00437e-39  1.48629e-39  1  7.7758e-61  2.17448e-37  4.31245e-82  7.77742e-93  1.5944e-69  9.37714e-273  1.81357e-21  1.91274e-34  1.10851e-36  4.02691e-16  3.34524e-62  5.12929e-110  1.06461e-36  
5.06384e-18  2.57973e-89  1.31722e-34  2.82618e-39  1.70941e-39  3.37934e-40  1  2.36278e-59  2.14088e-37  2.95606e-82  1.04369e-91  4.11715e-70  1.46276e-268  1.27786e-22  6.49436e-34  2.66251e-37  8.05976e-17  7.48878e-63  1.04373e-107  7.47972e-36  
7.65573e-19  1.37052e-98  1.53304e-34  7.04857e-39  2.68534e-43  1.01051e-39  1  2.56234e-66  2.73597e-37  1.8201e-84  1.77017e-103  1.43448e-70  0  8.76086e-22  5.42964e-35  2.86856e-37  2.82669e-16  1.08168e-63  5.96729e-121  1.1222e-35  
2.32041e-18  2.43576e-94  2.81165e-35  2.5487e-39  1.69319e-41  5.78028e-41  1  1.0519e-62  2.87082e-38  4.83169e-85  1.42962e-96  1.82978e-72  2.0895e-281  6.09759e-23  3.07827e-35  3.15675e-38  6.3332e-17  5.54282e-65  1.81082e-113  7.11744e-36  
3.15742e-21  8.43528e-108  1.11599e-39  1.69451e-43  4.01658e-46  7.54824e-45  1  1.84135e-73  9.50008e-43  1.17232e-92  2.49463e-113  2.79885e-79  0  9.70022e-27  5.03618e-41  2.19562e-42  1.13556e-18  2.41126e-71  1.72458e-133  2.11787e-40  
6.10067e-19  1.20756e-98  3.87851e-34  2.86428e-38  7.30553e-44  9.49874e-40  1  2.61463e-66  7.53224e-38  6.77315e-87  3.49788e-104  4.51375e-73  0  5.1166e-22  8.2984e-36  2.81566e-38  6.87686e-17  3.69977e-66  6.06976e-121  5.69034e-35  
9.9318e-23  1.60525e-113  1.81613e-42  1.22261e-46  1.10764e-47  3.25766e-48  1  7.64275e-78  5.92965e-47  2.5883e-98  8.02757e-118  2.32097e-85  0  1.71745e-29  2.29976e-44  1.7534e-45  9.12923e-20  4.02427e-76  1.57236e-140  1.38393e-44  
9.39778e-23  9.02357e-112  1.04056e-41  5.65099e-46  2.72409e-47  1.49418e-47  1  1.95901e-76  2.47215e-46  6.81192e-98  2.26652e-115  2.67209e-84  0  1.37541e-28  1.16625e-43  4.02166e-45  1.42986e-19  1.91824e-75  1.53043e-137  2.84419e-44  
7.60308e-21  7.29357e-108  9.35007e-38  1.46953e-41  5.6232e-47  4.1825e-43  1  3.1121e-73  1.57135e-41  2.05228e-92  1.41519e-112  1.98743e-77  0  1.1006e-24  2.71917e-39  7.37763e-41  2.24392e-17  5.91029e-70  1.3422e-132  1.41995e-39  
3.36746e-23  3.71988e-115  2.24692e-43  1.09097e-47  1.39151e-48  3.44332e-49  1  9.33544e-79  7.21961e-48  3.81991e-100  1.02563e-117  1.64951e-86  0  8.32265e-30  3.5875e-45  1.97695e-46  8.33296e-20  2.96447e-77  3.85701e-141  3.70373e-46  
1.44932e-20  4.7094e-103  5.76563e-36  2.95245e-40  2.36226e-45  1.76023e-41  1  1.42234e-69  6.56699e-40  7.5587e-90  1.35348e-107  3.04367e-75  0  4.88039e-23  1.95972e-37  1.01843e-39  2.74581e-17  4.19891e-68  8.40795e-126  7.20891e-38  
1.09544e-20  7.72663e-105  2.92425e-37  1.92129e-41  7.51957e-46  9.03417e-43  1  9.36446e-71  2.85324e-41  1.81555e-91  3.59288e-108  3.51288e-77  0  4.30674e-24  1.61123e-38  8.67968e-41  1.43632e-17  1.50285e-69  2.14512e-127  2.17086e-39  
2.1072e-22  7.54687e-109  4.94526e-41  1.81405e-45  3.22689e-46  1.6094e-46  1  2.48856e-74  3.37607e-45  2.82184e-95  3.53271e-112  3.29395e-82  0  7.3712e-28  3.40713e-42  2.63723e-44  2.07941e-19  1.34332e-73  1.52716e-133  1.0086e-43  
1.33169e-20  1.15509e-104  1.14364e-37  1.32728e-41  2.10135e-45  7.34582e-43  1  7.46728e-71  1.72792e-41  4.44756e-91  7.01774e-109  2.33363e-77  0  1.09166e-24  8.15314e-39  5.19447e-41  6.44774e-18  1.42244e-69  4.17465e-128  2.21329e-39  
2.28883e-23  4.68598e-117  3.24171e-45  2.76688e-49  8.75814e-49  1.35867e-50  1  2.13971e-80  2.40498e-49  4.11712e-101  3.42529e-120  2.28437e-88  0  9.82276e-32  1.20231e-46  1.09158e-47  1.37633e-20  1.28556e-78  1.44432e-144  1.41654e-47  
7.49075e-23  1.05986e-114  1.87299e-42  1.9465e-46  2.18631e-48  1.2563e-47  1  8.92378e-79  1.36995e-46  5.29611e-98  1.10567e-119  2.61783e-84  0  5.34528e-29  1.92084e-44  3.33131e-45  8.95358e-20  1.66232e-75  1.74526e-142  1.1774e-44  
1.39801e-23  8.28735e-120  1.68443e-45  4.66422e-49  6.86288e-50  2.14376e-50  1  1.35674e-82  3.88432e-49  2.90555e-101  1.7779e-124  6.67444e-88  0  1.16719e-31  3.3518e-47  2.13267e-47  1.59947e-20  1.88301e-78  2.48495e-149  2.10957e-47  
4.93225e-21  2.51327e-109  6.64435e-42  1.72053e-45  7.30059e-47  4.61571e-47  1  3.19251e-74  1.92338e-45  1.06133e-95  5.59989e-112  1.22386e-82  0  5.81108e-29  4.94301e-43  1.75562e-44  3.69587e-19  4.25702e-74  8.16097e-134  1.80617e-43  
3.81705e-23  9.51474e-121  6.66515e-46  4.9788e-49  2.20848e-50  1.90919e-50  1  4.0063e-83  2.80181e-49  4.39799e-101  6.56245e-126  1.02797e-87  0  2.01945e-32  2.11849e-47  2.3849e-47  2.36506e-20  9.29874e-79  7.61478e-151  2.22425e-47  
5.27531e-18  1.92677e-94  1.12957e-32  2.01515e-35  2.42292e-42  4.57513e-37  1  7.82482e-63  2.49706e-35  2.81558e-81  7.14921e-100  1.17656e-66  3.23516e-282  1.9071e-20  5.3716e-33  1.02246e-35  1.58385e-15  7.76472e-61  4.76329e-115  7.33792e-33  
7.03548e-24  1.70547e-117  9.90081e-46  1.91086e-48  8.99708e-49  2.08319e-50  1  6.74605e-81  3.77922e-49  1.61701e-98  5.37553e-122  3.94319e-85  0  4.25915e-32  4.91451e-47  2.60968e-47  2.67871e-20  3.34969e-76  2.86847e-146  2.97818e-47  
1.63725e-24  1.00581e-117  1.02395e-45  1.54906e-49  6.46194e-48  1.55743e-50  1  5.3905e-82  1.00187e-50  7.70597e-99  1.50945e-122  3.46261e-87  0  3.09581e-32  1.03831e-48  6.94196e-48  3.24908e-21  2.86042e-77  7.56224e-148  8.24457e-49  
4.31494e-19  1.62678e-96  8.90512e-33  6.10752e-37  2.4786e-42  1.40433e-37  1  6.43867e-66  4.41569e-38  3.22565e-82  1.52465e-101  2.12204e-69  0  1.23992e-20  2.53574e-36  8.57034e-37  4.04313e-16  4.83622e-62  5.75732e-119  5.40025e-36  
1.08724e-23  1.11985e-117  1.91662e-44  3.84749e-49  3.76312e-47  1.62841e-48  1  5.1012e-83  2.12742e-50  5.67222e-96  3.09285e-124  2.48407e-86  0  3.52568e-31  2.09654e-49  6.95972e-46  1.64359e-20  2.12037e-75  3.43397e-150  5.20858e-49  
3.64236e-18  2.14967e-84  4.15061e-31  4.69047e-36  2.68668e-36  1.85983e-35  1  1.6842e-57  5.7043e-36  8.76876e-75  2.19141e-88  6.89023e-66  1.83138e-256  1.45077e-19  6.79959e-34  9.85042e-35  3.94767e-16  3.94408e-57  3.09413e-103  1.65003e-34  
6.68946e-23  8.86247e-108  3.4568e-42  6.77609e-47  2.90378e-44  2.26392e-46  1  8.8672e-76  2.17655e-46  2.50895e-89  3.83115e-114  5.0272e-81  0  1.01124e-29  3.1689e-45  2.0469e-43  5.96513e-20  9.40594e-70  5.15596e-137  9.15121e-46  
3.4698e-23  7.41438e-108  5.63376e-43  2.0271e-47  1.40437e-44  3.31145e-47  1  2.93483e-75  2.17115e-46  1.08209e-89  6.65881e-114  7.50202e-81  0  2.81726e-30  1.69795e-44  5.80793e-44  1.01199e-20  7.88824e-70  3.70335e-136  4.59899e-45  
6.54148e-18  4.15149e-80  1.19222e-31  1.10839e-35  1.46112e-36  1.33401e-36  1  2.81829e-53  3.18072e-34  1.8673e-73  7.02841e-83  4.29784e-63  4.99446e-238  2.27696e-20  4.51546e-31  7.22803e-35  8.54584e-17  4.77598e-55  2.93178e-95  1.07598e-31  
1.47374e-20  1.00231e-101  5.60412e-40  2.94696e-43  4.94404e-43  7.59489e-44  1  2.74534e-70  8.70945e-43  3.06518e-84  2.72806e-108  2.62766e-74  0  2.23386e-28  2.81434e-41  1.30561e-40  3.50746e-19  1.12457e-65  3.96011e-128  4.1484e-40  
4.3652e-18  2.54975e-89  3.116e-36  6.62331e-39  9.87455e-39  1.13532e-39  1  5.88323e-61  9.09624e-39  6.18157e-76  1.04004e-94  6.21258e-67  5.62529e-272  1.73845e-25  1.03836e-36  7.03388e-37  9.93083e-18  2.95608e-59  1.93737e-111  1.49154e-35  
5.63475e-17  8.20387e-84  4.10453e-32  1.7029e-34  6.57428e-37  4.56674e-35  1  4.3297e-58  1.02283e-34  3.16433e-68  2.40228e-91  2.58937e-59  6.46212e-258  3.30143e-22  4.32375e-34  2.47514e-33  1.37441e-15  3.27936e-53  3.46262e-107  9.95723e-33  
2.19531e-14  6.93665e-78  1.91807e-30  4.40797e-32  3.68154e-34  1.97189e-32  1  4.16032e-54  1.20785e-32  1.34006e-61  4.73292e-86  3.27356e-55  3.58705e-243  2.58146e-21  6.39617e-32  2.07454e-30  1.467e-14  8.63141e-49  1.21942e-101  1.51216e-30  
8.3017e-11  1.63822e-60  3.44985e-24  7.38754e-25  1.92365e-27  1.30387e-25  1  3.76316e-41  2.20836e-25  2.84186e-48  1.55203e-68  1.97514e-43  1.66985e-191  6.60129e-16  4.50975e-24  1.13716e-23  7.61881e-12  2.58647e-37  2.248e-79  4.45408e-23  
2.85096e-10  8.32984e-66  4.9493e-24  1.61637e-23  7.89691e-29  2.0632e-24  1  2.99947e-46  1.22423e-24  8.41047e-46  7.25352e-77  1.5697e-40  1.53493e-211  6.04824e-16  4.12781e-25  6.2459e-22  1.76909e-10  3.63201e-35  2.10561e-90  9.53841e-23  
1.9159e-10  6.216e-70  4.37494e-24  1.01223e-23  6.47541e-30  6.3465e-24  1  3.08848e-50  3.08831e-25  1.53337e-44  6.25369e-82  6.18749e-39  1.96883e-225  9.54036e-17  7.4799e-27  3.40535e-21  2.75435e-09  1.13412e-34  2.23126e-98  3.63155e-24  
6.3048e-11  9.63045e-62  7.79352e-18  1.23557e-19  2.8418e-26  3.49169e-18  0.999995  1.62323e-45  3.6303e-20  4.86239e-35  2.12915e-74  1.3195e-28  7.95212e-199  1.43619e-11  2.00533e-22  4.19975e-16  4.73114e-06  1.73437e-25  2.23237e-88  1.24274e-19  
1.05693e-13  3.93143e-59  4.67841e-13  2.7228e-19  7.53129e-25  4.03743e-15  0.999711  1.28208e-46  1.21456e-17  1.24482e-29  4.43295e-74  6.30343e-23  3.60262e-189  6.23107e-08  1.01873e-20  4.46832e-13  0.000288899  1.6682e-18  1.42871e-86  2.72916e-18  
8.97442e-17  2.18838e-59  1.09317e-11  4.1844e-21  1.92944e-24  1.93145e-15  0.999975  1.28522e-47  2.88208e-18  2.58684e-32  3.58727e-76  2.15969e-26  2.58091e-187  1.35196e-06  2.88607e-21  3.89143e-14  2.36777e-05  5.11409e-19  1.74941e-85  2.81821e-19  
3.60111e-17  6.89452e-59  4.97938e-11  3.18863e-21  2.89694e-24  2.75222e-15  0.999946  6.43008e-48  2.20076e-17  1.16048e-31  4.45096e-77  8.42744e-26  3.25636e-187  3.35817e-05  9.52815e-21  2.73387e-13  2.07656e-05  5.09055e-17  7.43415e-86  4.59989e-18  
1.37022e-07  6.33332e-58  7.24579e-22  2.03762e-20  2.01748e-31  4.81115e-23  1  1.01561e-35  7.89558e-17  4.19513e-52  1.57148e-68  8.65795e-40  9.0186e-179  3.2189e-13  6.8836e-15  6.28963e-19  3.13505e-10  2.51928e-38  1.06494e-73  1.21964e-12  
4.77189e-06  3.51588e-53  8.56555e-19  3.32476e-18  1.12805e-31  6.47992e-21  0.999995  1.99369e-31  3.15759e-14  2.20897e-52  3.17931e-63  9.49732e-39  3.83814e-162  4.06228e-11  2.0775e-11  1.35912e-17  1.74593e-09  5.19354e-38  5.43302e-66  1.61719e-09  
1.05272e-06  8.12766e-56  1.37476e-20  2.66946e-19  7.53391e-33  7.8234e-23  0.999999  2.51732e-33  3.33693e-16  1.12802e-55  1.75922e-65  1.00313e-41  1.40141e-169  3.06417e-13  7.05451e-13  4.42196e-19  2.68083e-10  8.28076e-41  3.35463e-69  5.98971e-11  
7.65686e-06  7.88741e-55  3.36547e-19  7.25705e-17  2.51034e-32  9.52871e-21  0.999992  3.05879e-32  6.30278e-15  3.36564e-53  3.70132e-64  1.50737e-38  6.72273e-165  1.21719e-11  1.8711e-11  2.52923e-17  5.48839e-09  2.17396e-38  5.13131e-67  1.23039e-09  
8.34915e-07  5.52212e-54  4.46368e-19  5.17873e-17  3.39448e-31  9.42399e-21  0.999999  2.01739e-31  8.72101e-16  2.22083e-53  3.64603e-60  1.77572e-38  8.34809e-159  1.55896e-10  2.25958e-12  3.232e-18  6.98886e-09  3.01846e-38  5.28596e-63  1.36427e-11  
0.000180321  2.60266e-48  1.21537e-16  2.38675e-13  9.97647e-29  1.19138e-16  0.999819  7.67933e-28  1.27947e-11  3.89159e-44  1.22851e-57  9.02949e-31  5.26037e-145  2.702e-09  1.44325e-08  2.39325e-13  5.76255e-07  1.26201e-31  6.44618e-59  3.7263e-07  
0.00111735  1.1199e-41  2.88397e-15  5.2464e-12  1.83684e-25  5.05739e-15  0.998847  1.67835e-23  6.02156e-10  7.45049e-38  5.50616e-51  1.49439e-26  1.60363e-126  1.30873e-08  9.3984e-07  2.31419e-11  1.33659e-06  2.24177e-27  1.22798e-51  3.33839e-05  
0.000149509  6.83486e-47  3.53723e-16  1.35484e-12  1.55671e-26  7.05529e-16  0.999843  1.90757e-27  1.61998e-10  7.13437e-39  3.42094e-58  6.94641e-27  1.2291e-143  1.0721e-08  6.72988e-08  6.79632e-12  1.84831e-06  1.33285e-27  1.74022e-59  5.29394e-06  
0.00122143  9.79348e-41  9.58801e-15  8.03555e-11  1.55835e-23  2.29495e-14  0.998081  1.97263e-23  1.06854e-08  1.05827e-33  1.50218e-51  9.84684e-23  1.33933e-126  9.30535e-08  3.74725e-06  2.82687e-10  1.41441e-05  1.90814e-23  5.8653e-52  0.000679102  
0.000843599  1.54644e-40  2.79511e-13  1.32547e-09  4.07756e-23  5.25055e-13  0.983704  1.01855e-23  1.323e-07  5.68146e-31  4.00848e-53  5.84804e-20  7.02062e-129  2.95829e-06  8.5867e-06  3.17107e-09  3.96354e-05  7.27757e-21  8.43428e-54  0.0154007  
0.00159723  2.81059e-39  1.14364e-14  2.79604e-09  6.8785e-22  2.11266e-13  0.963372  2.75472e-23  1.68781e-07  2.45104e-27  2.02917e-52  1.22101e-16  3.99584e-128  1.56905e-07  1.36325e-06  6.40069e-09  5.18101e-05  2.56069e-18  2.86857e-54  0.0349774  
9.42398e-05  2.21136e-46  8.95897e-15  9.5811e-09  5.64802e-25  6.44943e-13  0.998892  3.70103e-29  3.33719e-08  5.38062e-28  5.60036e-62  2.8745e-15  2.37179e-150  3.14207e-07  2.75322e-09  4.94053e-09  8.94472e-05  1.19171e-18  7.10039e-67  0.000924065  
0.00215336  3.59303e-38  4.80268e-14  8.31456e-07  1.64869e-20  3.07136e-10  0.996562  1.00502e-23  3.22227e-07  5.14293e-20  3.15781e-52  7.76712e-10  2.32097e-129  5.66397e-08  8.43401e-09  1.40936e-07  0.000741681  3.08112e-14  4.29203e-57  0.000541616  
0.000137118  1.69545e-22  2.18681e-07  1.42899e-07  2.57375e-09  0.000627021  0.909523  3.02071e-16  1.29336e-05  3.23327e-05  5.28201e-35  0.0175349  1.2962e-87  5.7382e-05  1.79188e-07  0.00246871  0.0692068  0.000396741  4.07505e-38  2.69282e-06  
3.70481e-11  2.89258e-55  1.12579e-17  1.89721e-11  2.19939e-25  1.6225e-11  0.944212  5.92689e-44  3.55855e-05  2.74755e-11  1.33294e-84  0.000899567  1.49503e-199  4.33957e-09  1.05477e-05  4.27601e-05  0.00295068  0.0119911  8.12392e-95  0.0398581  
1.57564e-11  8.02976e-61  8.38482e-18  9.26983e-12  1.4435e-28  7.37132e-12  0.911997  2.29841e-48  2.86173e-05  1.08425e-13  6.5234e-93  6.02447e-05  2.60453e-216  1.81292e-09  1.61841e-06  1.98153e-05  0.00289991  9.86591e-05  5.20753e-104  0.0848945  
3.25778e-12  7.29155e-58  5.92265e-18  1.67336e-11  8.38573e-28  3.58627e-12  0.679416  1.36303e-45  6.00133e-05  1.47665e-13  3.53625e-88  0.000194471  6.41477e-205  1.25629e-09  2.11671e-05  4.01943e-06  0.00188981  0.000656054  1.31376e-97  0.317759  
1.03495e-12  1.49389e-61  1.28605e-18  3.79365e-12  2.18047e-29  1.10318e-12  0.905281  5.87256e-49  1.71015e-05  2.07412e-14  6.31635e-94  6.6702e-05  3.41208e-217  2.16592e-10  1.94898e-06  2.49165e-06  0.00117532  5.51674e-05  1.55647e-104  0.0934002  
9.77878e-13  1.49226e-58  3.52022e-19  4.86916e-12  5.34603e-28  4.2826e-13  0.86119  4.16909e-46  1.41316e-05  1.64376e-13  2.67598e-89  0.000109956  6.48187e-207  7.83124e-11  1.01775e-05  6.06392e-07  0.000414373  0.000218552  7.32468e-99  0.138042  
4.84066e-13  3.85523e-60  3.47608e-19  3.01575e-12  4.56243e-29  2.8618e-13  0.907615  1.78792e-47  1.15659e-05  1.68358e-14  4.3765e-92  3.27824e-05  4.27067e-212  5.32683e-11  7.04741e-06  3.59662e-07  0.000245827  2.8484e-05  6.19553e-102  0.0920586  
3.68894e-13  5.11099e-59  8.53162e-20  8.9894e-13  2.76831e-28  5.12462e-14  0.948433  1.21285e-46  4.4227e-06  6.35996e-14  5.65878e-90  3.36804e-05  5.42915e-208  2.00162e-11  5.18826e-06  1.16016e-07  8.72308e-05  5.69926e-05  4.64315e-100  0.0513797  
