1.8342  -2.2578  -4.0849  -2.5123  -1.7808  -0.3147  -0.98595  -1.3213  -1.4459  -1.0797  -1.1023  -1.0536  -0.67862  -0.19497  0.16306  0.3229  -0.11704  -0.052484  -0.13658  -0.12566  -0.053934  -0.02837  -0.10093  -0.18898  -0.11433  -0.36929  -0.76229  0.32331  0.74259  0.58137  0.16466  -0.035739  0.0051658  0.32168  0.46004  0.22483  0.29026  0.27307  0.17067
1.7218  -2.2967  -4.575  -2.3567  -2.2143  -0.60216  -1.7594  -1.355  -1.7489  -1.2134  -0.986  -1.1361  -1.0283  -1.0374  -0.26853  0.93608  0.34461  0.147  -0.20813  -0.2423  0.11165  0.36793  -0.10556  0.15114  0.12765  -0.23152  -0.37259  0.5646  0.66682  0.52366  0.066367  -0.020974  0.17088  0.22922  0.33032  0.14805  0.14024  0.20839  0.26079
1.1397  -2.2102  -4.0449  -2.2638  -1.902  -1.1987  -1.6715  -1.3533  -0.99044  -1.0801  -0.95849  -1.233  -1.1111  -0.94632  0.34062  1.2827  0.78163  0.29832  -0.033108  0.046934  0.32166  0.3318  0.040623  0.17209  0.19803  -0.06454  -0.049699  0.6539  0.32967  0.32596  -0.037902  0.18488  0.25637  0.23227  0.067092  0.094425  0.024568  0.015888  0.26068
-1.035  -2.7517  -1.7355  -1.1691  -1.4115  -0.72705  -1.3563  -0.81329  -0.72436  -1.0234  -0.49187  -0.71152  -0.94354  -0.69359  1.3309  1.6101  0.87322  0.20273  0.15288  0.25109  0.3343  0.28438  0.052006  -0.056934  0.075549  0.1407  0.31171  0.64564  -0.28686  -0.060947  -0.1451  0.16223  0.2333  0.15998  -0.1062  0.088206  -0.085721  -0.13001  0.22301
0.3736  -1.0084  -1.6566  -0.76122  -1.2872  -0.35158  -1.0467  -0.62716  -0.96274  -1.0528  -0.8331  -0.67179  -0.91462  -0.51596  1.325  0.97492  0.59653  -0.19405  0.23757  0.39675  0.53155  0.21468  0.10357  -0.011243  -0.040613  0.22662  0.11171  -0.092365  -0.61057  -0.26991  -0.10213  0.0062477  0.014926  0.063995  -0.10633  0.092783  0.083125  -0.031198  0.17155
0.024076  1.0951  -0.93885  -0.48839  -1.9135  -0.56708  -1.3186  -0.7152  -0.90958  -1.071  -1.2195  -1.19  -0.70441  -0.31742  1.1762  0.2294  0.25432  -0.04211  0.14323  0.28269  0.48665  0.10789  0.12759  -0.014358  -0.14306  0.29194  -0.017427  -0.80794  -0.73533  -0.38542  0.034211  -0.067879  -0.096236  -0.14943  -0.11872  0.12255  0.28249  0.13491  0.032173
-0.93769  -0.15847  -1.5185  -0.81461  -2.2332  -0.56594  -0.50016  0.19229  -0.25378  -0.74558  -0.62841  -1.1156  -0.55075  -0.79928  0.1409  0.14132  0.28136  0.11435  -0.0095423  0.075917  0.43747  0.10105  0.28118  0.40018  0.21374  0.37448  0.058332  -0.85804  -0.49945  -0.32464  0.099778  -0.069982  -0.11501  -0.29192  -0.076846  0.15315  0.25084  0.12256  -0.15012
-1.3316  0.35186  -1.1163  -0.37945  -1.0649  -0.19018  -0.78153  0.23694  -0.75517  -0.79427  -0.63729  -0.91879  -0.24964  -0.60421  -0.50084  -0.17909  -0.12544  0.15116  0.072793  0.12281  -0.06695  -0.014971  0.33086  0.58483  0.35309  0.16329  0.23206  -0.5915  -0.21703  -0.2481  -0.090068  -0.052514  -0.0072405  -0.25448  0.028199  0.049681  0.095782  -0.028166  -0.25568
-1.3464  -0.21407  -1.1439  0.02838  -1.3685  -0.56866  -1.0875  0.20918  -0.73679  -0.34766  0.076331  -0.16619  -0.018567  -0.19757  -0.41057  -0.31919  -0.1875  0.0086481  0.062844  0.13165  -0.067401  0.045574  0.46138  0.44169  0.078986  -0.15942  0.35904  -0.088593  0.0027542  -0.13904  -0.12357  0.079005  0.032073  -0.13728  -0.011305  -0.20428  -0.2626  -0.23085  -0.22937
-1.5842  -0.37959  -1.6634  -1.2862  -1.8924  -0.34735  -0.6565  -0.9245  -0.71299  -0.27739  0.18264  -0.60549  -0.48062  0.077894  -0.3226  -0.19144  -0.25554  -0.25946  -0.050503  0.2331  -0.024367  0.22022  0.18653  0.25223  -0.16018  -0.20816  0.30595  0.15944  0.22214  0.093154  0.033773  0.052176  -0.065882  0.11525  0.040932  -0.32424  -0.41223  -0.11503  0.013236
-1.4041  -1.0244  -2.2025  -0.92374  -1.7935  -0.29883  -0.16772  0.5708  -0.13815  0.38014  0.2867  -1.0353  -0.91352  -0.063228  -0.214  0.15576  -0.070725  -0.051049  0.28912  0.11699  0.0043488  -0.050462  -0.25948  -0.22132  -0.22219  -0.12789  0.16381  0.1127  0.28315  0.10835  0.13577  0.083809  -0.12821  -0.012128  0.0074861  -0.28482  -0.2681  0.12144  0.20472
-1.0691  -0.21075  -1.1613  -0.67001  -1.6307  -0.4766  -0.54212  -0.016975  -0.39382  -0.59858  0.014217  -0.96478  -0.42664  0.24647  -0.12081  0.24987  0.095629  0.28232  0.11618  -0.067508  0.24294  0.15584  -0.28144  -0.32034  0.15857  0.18724  0.050755  0.025309  0.10293  0.15934  0.21978  0.071158  -0.12221  -0.06927  -0.03425  -0.02846  -0.048281  0.18504  0.2046
-1.7937  -0.94049  -0.92767  -0.49189  -1.6524  0.36333  -0.79368  -0.23153  -1.0478  -0.96552  -0.50341  -0.6531  -0.42924  0.20959  -0.17337  0.30962  -0.038032  0.14507  0.23093  -0.10268  -0.23744  0.10022  -0.15911  -0.076325  0.28394  0.25703  -0.018538  0.056836  -0.044625  0.18692  0.068103  -0.19355  -0.1217  -0.089748  0.064973  0.16737  0.15624  0.049131  0.1106
-0.65  -0.78399  -1.5512  -1.2152  -1.1159  -0.32987  -0.54604  0.20549  0.20935  -0.44888  -0.38331  -0.32087  -0.16106  0.093752  -0.26699  0.040409  0.20613  0.3018  0.19207  -0.023709  -0.11128  0.04213  0.050963  0.034891  0.14188  0.21318  -0.56103  0.26433  -0.031379  0.2444  0.019471  -0.13534  0.017626  0.0065861  0.039546  0.23604  0.17555  -0.10814  -0.089812
-0.98486  -1.2579  -1.0787  -0.76522  -1.6157  0.32059  -0.47379  -0.25275  -0.13907  -0.17203  0.25649  -0.50545  -0.27523  -0.042484  0.029602  0.12661  0.43478  0.14352  -0.32946  -0.27001  -0.087784  0.20131  0.07643  0.069801  -0.066445  0.19094  -0.5064  0.56223  -0.010213  0.13723  0.12127  -0.13103  0.164  0.31155  0.15886  0.23416  0.024071  -0.087581  -0.16233
-1.1922  -0.853  -0.96458  0.085049  -0.74372  0.12096  -0.77319  -0.34022  -0.72177  -0.84243  -0.26106  -0.61298  0.13589  -1.3106  0.57069  0.24723  0.59242  0.34151  -0.0096512  0.069036  0.18787  0.22394  0.3089  0.13325  0.0093546  -0.049155  0.14691  0.17543  -0.21319  0.071747  0.031214  -0.0051856  0.26401  0.26578  0.18685  0.29931  -0.094765  -0.018971  -0.19157
-1.65  -0.81717  -0.84115  0.1623  -1.408  -0.85046  -1.4901  -0.22203  0.021741  -0.53945  -0.35513  -0.70638  -0.0048751  -0.60744  1.0945  0.17557  0.18051  0.48904  -0.061298  0.34294  0.54764  0.48591  0.4144  -0.053292  0.087453  -0.098792  0.84682  -0.76893  -0.77023  0.11712  -0.10542  0.045023  0.17072  -0.0096854  -0.10911  0.18155  -0.23426  -0.059104  -0.16414
-4.2492  0.70771  -0.92832  0.098261  -0.19523  0.2267  0.16924  0.75374  0.80075  0.66153  0.32226  -0.19233  -0.4437  0.81695  -0.27315  -0.62365  0.54851  0.22268  0.04243  0.46184  0.36834  0.46039  0.77992  -0.18786  0.0080162  -0.21665  1.276  -1.6543  -1.0567  0.15802  -0.46179  -0.30033  -0.2942  -0.43073  -0.42254  -0.20982  -0.38951  -0.19006  -0.045346
-1.2787  1.2451  -0.57013  -0.23031  -0.42279  0.083826  0.083806  0.8432  0.55739  0.3192  -0.19505  -0.45341  -0.28181  1.4342  -1.8553  -1.7486  0.80809  -0.11334  -0.22043  0.04576  -0.20708  -0.24426  0.38556  -0.47242  -0.24309  -0.21774  0.26551  -1.6247  -0.75601  0.16992  -0.5429  -0.39789  -0.48542  -0.56873  -0.55369  -0.49722  -0.27463  -0.1228  0.032089
1.073  -2.7036  -2.971  1.9269  -0.56826  -0.21889  -0.17463  0.23219  0.39157  1.068  -0.90468  -0.71542  -0.37559  1.4966  -2.9172  -1.9609  0.75268  -0.74267  -0.83108  -0.66498  -0.72696  -0.67861  -0.30613  -0.82571  -0.39554  -0.12572  -0.9391  -0.30352  0.17759  -0.27998  -0.33825  -0.36263  -0.36737  -0.28429  -0.39656  -0.71325  -0.10109  0.099245  0.10263
-0.0085155  -4.6773  -5.0657  1.6723  -1.5615  -1.289  -1.1809  -0.58249  -0.50644  0.414  -1.1589  -1.1741  -0.69215  -0.15072  -2.4576  -1.4238  0.58817  -0.65698  -0.81821  -0.54991  -0.6109  -0.60565  -0.53423  -0.55825  -0.079153  -0.047991  -1.2047  0.95257  0.96806  -0.35167  -0.0095202  -0.008673  0.09431  0.16634  0.013534  -0.45015  0.18902  0.30463  0.14592
-0.3946  -5.0828  -4.5632  1.405  -1.8539  -1.5801  -1.1933  -0.71431  -0.70317  -0.30427  -1.6729  -1.0186  -0.61568  -1.2079  -0.88254  -0.25329  -0.18148  -0.52025  -0.74657  -0.34243  -0.28262  -0.54859  -0.89992  -0.44821  0.22378  0.0063562  -0.79543  1.3962  1.0035  -0.24698  0.23994  0.40897  0.37393  0.41753  0.15013  -0.011151  0.36548  0.29577  0.091158
-0.99704  -4.9381  -4.0456  1.7951  -1.7509  -1.6902  -1.0566  -0.51625  -0.71217  -0.59736  -1.4857  -0.53927  -0.30573  -0.82768  -0.014884  0.30172  0.22015  -0.25311  -0.2887  0.16741  0.069785  -0.26867  -0.66801  -0.094106  0.36113  0.15397  0.051396  0.99925  0.58064  -0.045283  0.12247  0.56375  0.36891  0.26528  0.11942  0.26122  0.31362  0.041268  0.030701
-2.0565  -5.2208  -4.241  1.321  -2.0343  -2.258  -1.2641  -0.6488  -1.1513  -1.1261  -2.0859  -0.36148  -0.54973  -0.55124  0.050131  0.18687  0.19575  -0.22478  0.13109  0.098155  0.18529  -0.3967  -0.2727  0.038668  0.27161  0.046776  0.38608  0.37943  0.12741  0.10355  0.04248  0.54309  0.26009  0.06102  0.084456  0.43074  0.28453  -0.15173  -0.028189
-1.6606  -4.6529  -4.3217  2.3747  -2.2306  -1.8161  -0.64331  -0.40589  -1.0884  -1.1791  -1.2347  -0.41928  -0.26321  -0.32486  0.073792  0.09801  0.26371  -0.4373  0.43421  0.33652  -0.049022  -0.32333  -0.06419  0.13916  0.020735  0.023902  0.1497  0.14602  -0.062033  -0.18502  0.098996  0.20153  0.089007  -0.075409  0.018659  0.31505  0.14313  -0.22742  -0.062092
-1.7165  -5.075  -3.8646  1.7025  -2.2884  -1.1239  -1.1055  -0.21363  -1.7052  -0.83148  -1.6824  -0.26376  -0.49661  -0.30105  0.21143  0.2308  0.1074  -0.30071  0.52123  0.35329  -0.040161  -0.26789  0.09039  0.28875  -0.061217  -0.013178  -0.13543  0.19578  -0.10027  -0.32645  0.15964  -0.15065  0.020059  -0.12287  0.074754  0.088313  0.11321  -0.21463  -0.068225
-2.1416  -4.7897  -3.9397  2.3955  -2.9357  -0.95461  -0.1263  -0.8809  -1.4052  -0.93723  -1.27  -0.52593  -0.26058  -0.50368  0.34252  0.093652  -0.29074  0.081844  0.12082  0.30687  -0.043717  -0.27709  0.095597  0.21026  -0.15473  -0.0023292  -0.25744  0.15679  -0.061702  -0.49561  0.26636  -0.32757  -0.17966  -0.025988  0.040423  0.0057492  0.001478  -0.13682  -0.096139
-2.7191  -4.5181  -3.7396  1.6328  -2.5839  -1.1251  -0.46274  -0.53178  -1.7966  -0.97585  -1.2021  -0.49181  -0.59057  -0.86812  0.50311  -0.11175  -0.50639  -0.0054391  -0.16417  0.17316  -0.18597  -0.19556  -0.087653  0.34276  -0.28455  -0.14478  -0.15145  0.058204  0.0038935  -0.42518  0.083667  -0.20182  -0.23497  -0.02375  0.062975  -0.053506  -0.037187  -0.10782  -0.088822
-2.6704  -3.9038  -4.1032  1.5374  -1.8373  -1.4531  -0.044099  -0.37797  -1.8739  -0.82015  -0.84412  -0.76945  -0.22322  -0.81365  0.39832  0.084179  -0.91622  0.21415  -0.20582  -0.1124  -0.054083  -0.23823  0.042079  0.11659  -0.27806  -0.19871  0.018894  -0.00922  0.10461  -0.25486  -0.16775  0.084833  -0.29458  -0.0038707  0.058466  -0.031046  -0.049055  -0.072127  -0.076606
-4.0565  -4.0086  -4.1181  0.61241  -2.8539  -1.3672  -0.62714  -1.023  -2.0575  -1.153  -0.86703  -0.99566  -0.94964  -0.60043  0.35814  0.24722  -0.85539  -0.11587  0.079088  -0.142  -0.10623  -0.0984  -0.043368  0.22402  -0.323  -0.18145  0.31858  -0.011752  0.17334  -0.064512  -0.18228  0.27989  -0.23066  0.10024  0.066959  0.072353  -0.059658  -0.0094993  0.063506
-3.9138  -3.8495  -3.498  0.15706  -2.1582  -1.451  -0.3813  -0.79754  -1.9895  -0.72242  -1.0877  -1.1082  -0.67719  -0.58084  0.38735  0.228  -0.88082  -0.36619  0.25369  -0.41929  -0.095199  -0.15027  -0.019684  0.12246  -0.35189  -0.21381  0.34802  0.022952  -0.044256  0.053864  -0.17172  0.19157  -0.15362  0.097921  0.056167  0.070504  -0.052421  0.053509  0.11363
-3.8987  -3.4708  -3.3005  -0.24321  -2.771  -0.88885  -0.72015  -0.64067  -2.034  -1.1548  -0.40822  -1.2914  -0.90795  -0.028797  0.47334  0.33637  -0.71763  -0.26209  0.44576  -0.36537  0.13532  -0.038656  0.16029  0.16085  -0.27614  0.053286  0.34858  -0.052657  -0.1258  -0.013401  0.070247  -0.0067638  -0.058489  0.095392  0.092613  0.10853  -0.14474  0.18774  0.15461
-4.4918  -3.0106  -3.828  -0.67729  -2.9774  -0.93121  -1.2555  -0.85473  -2.3365  -0.87828  -0.70614  -1.6772  -0.88551  -0.055387  0.40958  -0.093162  -0.82351  -0.2279  0.18555  -0.46158  0.1189  -0.099598  0.15176  -0.0090874  -0.14096  0.024816  0.11381  0.0067955  -0.090201  -0.066241  0.16138  -0.044992  0.1516  0.010089  0.28044  -0.06654  0.027635  0.23399  0.19828
-3.8539  -3.008  -2.9439  -1.1233  -3.2306  -0.28979  -1.2862  -0.58843  -2  -0.5942  -0.57528  -1.5395  -0.68562  0.18258  0.18905  0.030409  -0.92425  0.025722  0.092863  -0.29633  0.072896  0.1541  0.19649  -0.14443  0.13477  0.16306  -0.075773  0.12026  -0.026275  -0.19642  0.073407  0.013067  0.30397  -0.12008  0.34582  -0.26867  0.11765  0.23441  0.08544
-4.1024  -2.8522  -3.9557  -1.8734  -2.6121  -1.1939  -1.483  -0.46694  -2.3053  -0.54744  -1.0315  -1.407  -0.7139  -0.34511  0.54988  0.11038  -0.97623  -0.025967  0.29516  0.00099728  -0.03372  0.59467  -0.23741  0.35801  0.14462  0.32613  0.27289  0.3271  0.27393  -0.079272  0.085707  0.17204  0.39041  -0.22643  0.29378  -0.19737  0.20833  0.33035  0.083006
-3.5457  -2.9829  -3.1454  -2.4179  -2.8765  -0.47893  -1.4954  -0.61587  -1.5873  -0.73075  -0.67886  -1.0222  -0.50459  -0.11126  0.76399  0.15578  -1.2305  -0.14283  0.43016  0.31525  -0.14862  0.65168  -0.45113  0.33024  0.28429  0.15895  0.58758  0.41534  0.20952  0.042587  0.22079  0.056864  0.18617  -0.21161  -0.03315  -0.052814  0.075959  0.36906  0.10635
-5.6812  -1.3735  -3.3961  -2.9587  -3.2323  0.048827  -1.1479  -0.94216  -0.75878  -1.5222  0.41967  -1.502  0.0023602  0.91019  1.1034  0.66594  -0.9082  0.1135  0.53302  0.40385  -0.44964  0.53295  -0.11652  0.37857  0.77534  0.27589  1.1967  0.37098  0.3295  0.56327  0.50819  -0.059446  0.020072  -0.03982  -0.28408  0.18722  -0.2071  0.30611  0.066915
-3.3983  -1.4553  -2.7564  -4.2722  -3.349  0.37932  -0.50797  -0.79668  -0.81817  -1.4602  -0.31013  -0.63917  -0.56691  1.3177  1.1583  0.38117  -0.83051  0.61835  0.14453  0.060751  -0.35399  0.085509  -0.022391  0.073162  0.92661  0.50721  0.78487  0.43285  0.53666  1.1109  0.61119  -0.13016  -0.094651  0.22395  -0.30809  0.19898  -0.14642  -0.077511  -0.0017291
-1.4455  -0.30571  -2.1524  -3.6709  -2.0354  -0.023957  -0.76517  -1.7254  -1.091  -0.53227  -0.080129  0.72748  0.14492  2.5306  1.4657  0.98618  0.51358  1.118  0.25964  0.18847  -0.050497  0.025515  0.10988  -0.13476  0.74178  0.35274  -0.17845  0.17431  0.38138  1.1301  0.35282  0.015601  0.027836  0.51949  -0.14128  0.062755  -0.0022011  -0.55003  -0.32229
-1.7106  -0.041925  -2.6238  -4.5533  -1.6199  -0.0089595  -1.5045  -1.2862  -1.1647  -1.2929  -0.20948  0.64287  0.94578  1.4331  1.8814  1.6056  1.3912  1.1885  0.17638  0.13899  0.32366  -0.018872  0.032594  0.14763  0.06854  0.11533  -0.94475  -0.28695  0.17389  0.81406  -0.0080011  0.12993  0.21269  0.44121  0.13456  0.14263  0.12711  -0.67247  -0.53254
1.0667  2.3168  -0.5039  -1.2774  -0.74282  1.0219  -0.084227  -0.8489  -0.50898  -1.2762  -0.034933  0.082296  0.30424  0.3171  1.2648  1.1978  1.3711  0.8869  0.56389  0.44824  0.77001  0.16131  0.044253  0.33473  -0.44573  -0.49504  -1.6723  -0.97633  -0.53604  -0.11955  -0.35881  0.037772  0.14565  0.24688  0.25002  0.23343  0.065309  -0.39684  -0.29524
-0.35497  2.8776  1.2362  -1.2953  -0.4298  0.38555  -0.43146  -0.26398  -1.1658  -0.99044  0.11017  -0.11096  -0.30057  -0.40985  0.39788  0.79702  1.1829  0.70991  0.38219  0.56892  0.55938  0.42131  0.43833  0.21975  -0.49705  -0.66652  -1.0483  -1.3142  -1.0088  -0.51715  -0.66251  -0.11549  0.044901  -0.1364  0.22933  0.075141  -0.096285  0.030407  0.079307
