0.99605  1.1491e-17  0.0017737  1.2202e-07  5.6359e-16  2.5076e-05  0.00058016  1.3447e-10  1.0465e-07  1.5857e-24  1.6708e-18  1.2775e-19  8.5793e-50  0.0007056  1.5278e-05  9.4903e-05  0.00075361  2.4872e-21  9.1909e-20  2.7925e-07
0.0089662  1.262e-19  0.23067  2.031e-06  6.901e-13  0.10979  3.5596e-05  3.219e-14  8.6022e-07  9.0878e-16  1.2834e-23  7.6943e-14  1.8162e-60  0.32555  1.5633e-07  0.31283  0.012151  1.706e-14  6.2084e-26  5.2585e-09
0.0014383  4.1064e-27  5.4372e-05  5.0121e-07  3.4963e-15  6.0856e-05  0.20667  3.0352e-17  0.0025379  3.3281e-17  2.2693e-36  5.5141e-12  0  0.50898  6.8213e-06  0.0039992  0.27527  5.7857e-10  1.847e-37  0.00098685
0.00056645  5.4568e-24  2.1127e-08  1.4116e-08  1.7373e-15  9.7376e-08  0.20946  2.6743e-14  0.12653  1.1207e-16  1.3005e-35  1.3987e-10  0  0.0046758  0.00047741  2.8765e-05  0.0046522  6.2681e-09  1.4616e-34  0.65361
1.8807e-06  4.2971e-28  7.1383e-15  1.7538e-11  2.4804e-22  2.7825e-14  0.0010604  2.2849e-15  6.1142e-05  4.4549e-27  4.1378e-40  5.8612e-19  0  2.3219e-08  0.00020457  7.3801e-12  1.7803e-08  2.0865e-17  2.8243e-36  0.99867
4.9642e-07  1.0385e-31  2.2598e-16  7.0214e-11  1.0663e-24  2.2312e-15  0.0011258  4.581e-17  2.5161e-05  5.0098e-30  2.0517e-43  1.2518e-19  0  1.695e-08  0.0020955  3.2807e-13  6.9688e-09  1.8623e-18  2.6005e-39  0.99675
4.7927e-08  3.6332e-29  9.3023e-17  2.9535e-11  1.251e-24  7.2573e-16  6.0581e-05  4.8376e-15  3.3649e-06  6.4316e-30  1.6456e-39  9.215e-20  0  7.0897e-10  0.025265  3.9053e-14  4.5337e-10  9.6203e-19  3.3117e-33  0.97467
4.3455e-07  2.9368e-30  9.5796e-17  6.4018e-12  9.2473e-24  7.1012e-16  0.0055488  1.7386e-15  2.9282e-06  1.0206e-30  6.2833e-41  7.3696e-21  0  3.0846e-10  0.021941  3.5553e-14  2.6571e-09  6.7704e-20  4.9954e-35  0.97251
2.1917e-06  1.1418e-29  4.6908e-17  1.8114e-12  3.8562e-23  6.9938e-17  0.062683  1.4136e-14  1.4449e-06  6.3061e-32  4.615e-39  2.088e-22  0  8.7737e-11  0.035822  8.9414e-15  5.1231e-09  5.1287e-21  1.2388e-33  0.90149
5.0001e-06  8.9351e-31  7.0741e-18  4.5999e-13  1.2743e-23  4.4722e-18  0.26367  4.3068e-15  2.848e-07  1.2929e-33  3.226e-40  6.1948e-24  0  1.171e-11  0.011018  2.0173e-15  2.9157e-09  1.1303e-22  1.3496e-35  0.72531
4.6612e-06  8.0374e-35  1.1476e-18  8.8751e-14  3.5492e-25  4.9043e-19  0.90747  1.3923e-17  1.6171e-08  7.5983e-37  2.8917e-44  1.9655e-26  0  5.6111e-12  0.00042124  1.9378e-16  1.9382e-09  3.5782e-25  1.4574e-40  0.092103
3.5001e-06  7.3695e-36  3.5632e-20  7.8394e-15  1.4208e-25  1.3243e-20  0.98697  4.0961e-18  1.2758e-09  2.5494e-38  5.6881e-44  6.4872e-28  0  2.0515e-13  0.00010779  1.7593e-17  1.0689e-09  2.122e-26  7.6806e-41  0.012916
4.4317e-06  1.3625e-36  2.7209e-20  3.2057e-15  2.4694e-26  8.6034e-21  0.98859  8.6319e-19  7.5153e-10  8.9044e-39  2.854e-45  1.7626e-28  0  2.0918e-14  8.8418e-05  1.8467e-17  1.1322e-09  2.7145e-27  2.7532e-42  0.011314
2.5567e-06  3.3809e-32  1.7729e-18  4.5257e-13  2.0484e-25  4.9991e-19  0.17761  6.8979e-15  4.6547e-08  3.1563e-36  8.2266e-40  2.3451e-25  0  3.3127e-12  0.02421  2.2335e-16  1.6833e-09  2.4787e-24  2.1638e-34  0.79818
1.3258e-06  7.1104e-38  5.5331e-21  6.1315e-16  1.5619e-26  6.0322e-22  0.99961  1.4754e-19  3.4267e-11  6.343e-41  2.2181e-45  1.7452e-30  0  7.4884e-15  9.7237e-06  6.9808e-19  3.4552e-10  6.1293e-29  6.2246e-43  0.00037727
1.48e-06  7.0465e-37  3.3948e-20  3.8043e-15  4.4898e-26  4.7012e-21  0.9984  1.629e-18  8.6094e-11  3.7424e-40  7.0265e-44  9.9573e-30  0  1.0657e-13  3.7001e-05  1.6217e-18  5.1537e-10  8.0306e-28  8.7214e-41  0.0015598
1.3788e-06  8.38e-37  1.4503e-20  8.8132e-16  2.8514e-26  1.0671e-21  0.9996  1.8161e-18  1.564e-11  3.4863e-41  5.0137e-43  7.8121e-31  0  1.6803e-14  1.4648e-05  8.8446e-19  3.796e-10  7.384e-29  2.5243e-40  0.00038235
4.5803e-06  3.6525e-36  1.2335e-18  5.569e-14  3.942e-26  9.9931e-20  0.98835  1.0752e-17  3.4147e-10  7.2088e-40  2.3191e-43  4.269e-29  0  2.0603e-12  0.00017761  1.7334e-17  1.7866e-09  1.3813e-27  1.4923e-39  0.011463
2.8073e-06  1.4532e-36  8.634e-20  7.9589e-15  7.9626e-26  8.8021e-21  0.99939  7.4531e-18  2.7682e-11  3.613e-40  4.7631e-42  5.107e-30  0  1.6135e-13  2.2008e-05  3.9442e-18  1.8123e-09  5.0464e-28  4.2026e-39  0.00058226
8.5624e-07  2.8074e-37  2.4486e-19  2.2422e-14  3.2316e-25  4.2254e-20  0.9996  9.8862e-19  2.5183e-11  2.4964e-39  5.6307e-44  1.5833e-29  0  1.3708e-12  6.502e-06  3.4034e-18  1.4194e-09  2.1343e-27  3.8715e-41  0.00039549
1.1237e-06  3.7917e-35  1.8964e-17  7.992e-13  3.5026e-24  3.5031e-18  0.99353  3.2824e-17  3.8366e-10  3.8135e-37  4.2908e-42  9.5471e-28  0  1.1023e-10  6.012e-05  4.8965e-17  3.3944e-09  1.9928e-25  2.6981e-38  0.0064102
4.5968e-07  1.9979e-36  3.2004e-19  7.7506e-15  3.9326e-24  3.9896e-20  0.99997  1.0728e-18  1.8774e-12  6.1867e-39  1.1765e-42  1.4157e-30  0  1.2773e-12  4.9694e-07  1.2973e-18  2.7767e-10  1.175e-27  9.778e-41  2.4394e-05
9.6498e-08  1.5613e-40  7.234e-21  7.0748e-16  8.8145e-25  1.7879e-21  1  3.3364e-22  5.2616e-14  1.0348e-39  5.9678e-48  1.2788e-31  0  1.0151e-13  3.6649e-09  2.2937e-19  1.0615e-10  1.0933e-28  4.9839e-48  4.0207e-07
3.5241e-07  1.6905e-38  2.0233e-19  2.1638e-14  5.5553e-24  5.1488e-20  1  1.5441e-20  3.7585e-13  1.9648e-37  9.8011e-45  1.6134e-29  0  2.0356e-12  1.9343e-08  2.9452e-18  6.9739e-10  1.8245e-26  9.2328e-45  1.8587e-06
2.4923e-07  3.2499e-35  8.2204e-17  8.0406e-12  9.9243e-23  2.344e-17  0.99995  3.1379e-18  2.1519e-11  7.6684e-34  3.8322e-41  5.8387e-26  0  8.0223e-10  5.3037e-07  1.7632e-16  5.306e-09  5.7354e-23  3.654e-40  4.474e-05
4.0031e-07  7.1416e-35  1.8319e-15  4.0306e-10  5.817e-22  3.1388e-15  0.9994  7.8293e-19  5.0536e-10  8.4388e-30  8.1857e-43  3.8285e-22  0  2.6982e-08  2.9963e-06  1.6839e-14  3.807e-08  1.0065e-19  4.2188e-42  0.00060054
9.1427e-07  8.2869e-30  1.3614e-12  5.8004e-08  3.6731e-19  1.7384e-12  0.98472  1.7201e-15  1.7913e-08  6.6618e-25  5.2014e-37  5.8951e-18  0  1.6006e-05  0.00027602  6.5051e-12  4.7156e-07  3.1505e-15  1.064e-35  0.014982
9.3363e-06  9.5802e-28  2.0772e-11  9.6289e-07  3.2125e-17  1.1071e-10  0.96397  8.8595e-15  7.1006e-08  2.5508e-20  4.4721e-36  1.0125e-14  0  7.0617e-05  0.0003714  5.2199e-10  2.3635e-06  2.9764e-12  1.0586e-35  0.035579
1.9813e-06  2.2975e-29  1.1785e-09  1.3371e-05  3.2033e-17  4.0898e-09  0.94268  4.3631e-17  2.1801e-07  5.9307e-18  1.4979e-38  2.8128e-12  0  0.0061388  9.3207e-05  1.2256e-08  2.134e-05  2.606e-09  8.2859e-40  0.051046
5.4445e-08  7.5919e-32  4.7743e-08  6.5429e-05  1.268e-17  1.2856e-07  0.91357  6.6745e-21  4.7844e-07  1.2183e-14  6.7417e-43  5.2786e-09  0  0.069322  4.6745e-06  3.9012e-07  0.00028497  8.0458e-06  1.1938e-46  0.01674
7.1219e-09  1.607e-34  1.8889e-07  1.3437e-05  2.2868e-17  3.5239e-06  0.81533  9.3527e-25  3.8339e-08  3.9146e-12  1.7078e-47  5.9638e-08  0  0.18409  1.1137e-08  5.0801e-06  0.00015936  0.00017495  2.661e-53  0.00021778
3.9505e-10  1.1871e-34  1.6852e-05  6.9446e-06  1.0282e-15  0.00092934  0.33879  3.1427e-27  1.5726e-09  2.098e-08  6.2566e-48  1.0268e-06  0  0.62634  5.7331e-10  0.00021118  0.00014925  0.033544  7.0205e-55  3.0121e-06
2.4628e-11  4.6797e-31  1.0404e-05  3.3174e-08  2.6389e-12  0.00093625  0.17861  2.2412e-25  2.2553e-11  9.0942e-05  6.38e-45  1.4218e-05  0  0.0096781  1.6964e-10  0.00014694  4.0819e-05  0.81047  2.7315e-49  4.6915e-08
4.1841e-17  8.7583e-49  1.2581e-12  2.5201e-20  6.8959e-19  1.0247e-12  0.05288  2.3381e-44  1.6173e-13  5.3125e-10  0  1.0551e-08  0  4.7406e-06  1.2859e-17  1.4289e-07  1.4022e-06  0.94711  0  1.1258e-12
2.5482e-14  3.028e-46  8.3866e-14  8.0744e-19  7.0552e-17  2.1675e-12  0.47085  7.9224e-41  7.1968e-13  3.7914e-08  0  1.0437e-07  0  1.8372e-06  5.4406e-16  5.1162e-07  1.1271e-06  0.52915  0  2.2339e-11
7.7281e-14  1.4249e-44  1.3245e-13  4.4946e-18  2.3251e-16  4.0997e-12  0.56881  1.0675e-38  1.5213e-12  5.8942e-08  3.3671e-70  2.7487e-07  0  4.4697e-06  4.7135e-15  6.3727e-07  1.1267e-06  0.43118  0  6.0314e-11
1.1916e-13  1.6598e-43  2.111e-12  4.0558e-17  3.1079e-16  7.8473e-12  0.72942  1.8867e-37  3.3459e-12  6.4646e-09  6.3463e-68  5.9274e-08  0  4.4434e-05  2.1498e-14  5.0617e-07  2.2566e-06  0.27053  0  2.3422e-10
1.791e-12  8.1671e-44  1.2288e-13  1.5651e-17  3.1623e-16  1.461e-12  0.99025  3.2946e-37  8.9275e-13  1.3581e-09  1.3376e-68  1.363e-08  0  7.1849e-06  3.5676e-15  9.8398e-08  1.2634e-06  0.009739  0  6.4054e-11
6.241e-13  1.6058e-44  4.2137e-12  5.7569e-17  9.755e-17  9.6421e-12  0.99245  1.0108e-37  9.9497e-13  8.1178e-11  1.5331e-68  3.1235e-09  0  0.0001762  5.0765e-15  3.4921e-07  2.2275e-06  0.0073675  0  1.7255e-10
3.6354e-12  1.1601e-40  3.0696e-12  4.9927e-16  1.822e-15  2.4015e-11  0.95441  6.2047e-34  7.8123e-12  1.4128e-09  1.5718e-63  7.7137e-08  0  0.00013563  1.339e-13  3.4387e-07  4.1126e-06  0.045453  0  1.79e-09
2.3491e-12  7.7783e-42  1.9469e-12  1.407e-16  7.336e-16  1.6814e-11  0.9681  4.8888e-35  2.3564e-12  1.3491e-09  2.8105e-65  1.097e-07  0  6.3247e-05  1.9815e-14  1.5354e-07  6.6643e-06  0.031832  0  2.6667e-10
1.1309e-11  2.5712e-43  2.6513e-13  5.3661e-17  6.4892e-16  1.089e-11  0.99698  5.709e-36  2.6275e-13  2.3447e-09  1.848e-67  1.4631e-08  0  1.4771e-05  2.0418e-15  1.372e-07  1.3322e-06  0.0030031  0  5.8415e-11
8.9659e-13  2.8295e-44  4.3764e-12  4.7317e-17  2.7135e-16  1.9701e-11  0.9958  2.3344e-37  2.8353e-13  6.2515e-10  1.7719e-68  8.7097e-09  0  7.3843e-05  1.6205e-15  1.1923e-07  2.4879e-06  0.0041208  0  3.9237e-11
5.4468e-12  1.5899e-40  1.6493e-11  2.4253e-15  2.6738e-14  2.903e-10  0.59453  2.6198e-34  1.1555e-12  4.8831e-07  4.7063e-64  2.112e-07  0  8.4684e-05  3.5785e-14  1.794e-06  5.4718e-06  0.40538  0  4.223e-10
8.6152e-12  2.8006e-40  1.1691e-10  4.4186e-15  7.7683e-14  1.3483e-09  0.40845  2.142e-34  1.8944e-13  9.5869e-07  1.8897e-63  3.2934e-08  0  0.00022467  7.5998e-15  4.7475e-06  2.886e-06  0.59131  0  9.3235e-11
3.1e-13  1.1748e-41  3.4127e-08  7.8643e-15  3.4333e-15  7.0871e-09  0.249  2.8253e-36  2.0137e-13  5.8391e-09  2.4974e-64  1.1579e-08  0  0.0078274  2.4339e-15  2.4726e-06  4.7948e-05  0.74312  0  6.0915e-11
1.0163e-15  3.7928e-44  1.8416e-07  1.9586e-15  8.0465e-17  7.539e-09  0.010904  1.0742e-39  2.2367e-14  4.8715e-10  5.5407e-67  2.3694e-09  0  0.0068068  6.9501e-17  1.0572e-06  1.737e-05  0.98227  0  5.1166e-12
1.8018e-17  1.4231e-46  1.4728e-08  8.2632e-18  1.0887e-17  2.661e-09  0.0036709  1.1321e-42  2.5713e-16  1.5106e-09  0  1.9867e-09  0  0.00070223  5.9198e-20  2.2885e-07  2.4297e-06  0.99562  0  5.2118e-15
5.1532e-18  2.8476e-47  2.0943e-07  9.0728e-19  1.7702e-17  1.4543e-08  0.001889  1.2801e-44  3.2443e-17  1.9786e-09  0  3.3243e-11  0  0.0060709  9.5786e-22  4.4998e-07  1.1513e-06  0.99204  0  1.3136e-16
1.5523e-18  1.2925e-48  9.164e-11  2.7749e-20  3.6033e-17  3.825e-10  8.8674e-05  3.8794e-46  1.7919e-18  1.4278e-07  0  1.085e-11  0  6.0779e-06  1.0591e-23  1.2436e-07  5.4726e-08  0.9999  0  3.0137e-18
6.8287e-21  3.1486e-51  1.0363e-12  1.4483e-21  6.0784e-18  1.8054e-11  7.608e-06  6.6302e-49  5.0433e-19  3.5631e-07  0  2.8239e-12  0  3.4281e-08  5.5892e-25  2.1219e-08  1.7045e-08  0.99999  0  2.8596e-19
1.7069e-23  1.6149e-50  2.7643e-11  3.2515e-22  5.8278e-18  7.7967e-12  1.0633e-05  8.9251e-50  4.0162e-18  2.2859e-08  0  4.2113e-13  0  5.5871e-08  8.605e-25  5.1204e-09  2.6949e-08  0.99999  0  1.1232e-19
1.0545e-23  1.5623e-45  1.5934e-10  4.0426e-21  8.3794e-16  1.1735e-11  5.4809e-05  2.1478e-46  2.7802e-17  3.2138e-08  7.4712e-72  3.1043e-13  0  6.5741e-08  2.6269e-23  6.1214e-09  1.1413e-08  0.99995  0  5.4917e-20
2.162e-20  8.825e-30  6.5273e-07  3.0398e-16  7.0017e-11  1.8784e-08  2.4657e-05  1.1277e-31  1.611e-13  4.283e-07  1.7249e-47  2.0061e-11  0  5.148e-05  2.9985e-16  1.965e-07  3.2766e-08  0.99992  1.0157e-53  6.5198e-16
5.4768e-16  1.1601e-23  0.0014617  3.8343e-13  2.1275e-09  8.7708e-05  1.3867e-05  1.5219e-25  1.5814e-11  3.4569e-07  4.383e-37  2.5373e-10  0  0.55261  1.882e-13  0.00040132  3.1693e-07  0.44542  1.9443e-41  9.6491e-14
1.4996e-07  1.3306e-33  1.4581e-16  1.0088e-12  1.8871e-19  8.5475e-17  0.9955  1.4406e-20  1.0155e-07  1.5798e-26  9.27e-47  2.5907e-19  0  1.0611e-07  1.3444e-05  7.2734e-13  3.5289e-08  4.5198e-16  4.797e-48  0.0044858
1.5258e-07  8.021e-34  2.7773e-16  2.2559e-11  1.3161e-20  2.3348e-16  0.97165  1.3526e-19  1.8026e-07  1.1371e-27  1.9261e-45  4.7236e-19  0  5.2343e-07  0.00017279  2.2264e-13  5.2599e-08  3.3713e-16  7.575e-46  0.028176
1.1797e-07  1.9071e-35  6.8068e-18  6.776e-12  3.7778e-21  6.1952e-17  0.9957  1.6598e-20  2.2853e-08  1.2667e-27  6.2836e-47  3.3787e-19  0  2.401e-08  3.662e-05  3.1102e-14  2.7804e-08  1.1675e-16  7.1406e-48  0.0042624
3.6016e-08  6.3445e-37  4.6884e-18  2.6837e-12  1.4866e-21  6.136e-17  0.99883  2.1169e-21  3.8291e-09  4.0923e-28  4.965e-48  4.6392e-20  0  1.927e-08  7.8487e-06  7.5946e-15  1.1417e-08  2.8543e-17  2.9668e-49  0.0011602
9.4395e-08  4.3363e-36  3.4441e-18  3.4008e-12  3.7145e-21  1.1225e-16  0.99545  1.8052e-20  6.634e-09  9.8593e-27  2.5587e-47  3.8313e-19  0  6.7899e-09  2.3534e-05  1.0601e-14  8.1285e-09  9.49e-17  1.9165e-48  0.0045292
4.4443e-08  1.9066e-38  7.521e-18  1.5084e-12  6.6865e-22  1.8404e-16  0.9981  2.071e-22  2.0835e-09  4.8126e-28  5.8162e-51  2.0649e-20  0  6.5044e-09  4.112e-06  7.4447e-15  6.6472e-09  5.1271e-18  2.7471e-52  0.0018929
2.6684e-08  4.6522e-35  3.9465e-16  1.5168e-11  9.6304e-21  2.8012e-15  0.97842  1.1135e-19  2.1913e-08  5.5651e-27  2.0452e-46  1.6766e-19  0  1.7162e-07  0.00011403  2.6143e-14  1.6691e-08  2.3884e-16  5.4143e-46  0.021465
6.6354e-09  9.5107e-35  4.9061e-18  1.3717e-13  2.7444e-20  2.3229e-17  0.99967  1.3504e-19  6.098e-10  8.8658e-28  1.3656e-45  5.0373e-21  0  3.0876e-09  5.8632e-06  9.4949e-16  9.1004e-10  8.2812e-18  8.1077e-46  0.00031945
9.5869e-09  1.5574e-37  1.3172e-19  6.5787e-15  2.6045e-21  6.1849e-19  0.99997  6.2233e-22  3.2917e-11  7.6102e-30  2.6079e-49  3.5906e-23  0  7.9701e-11  2.5167e-07  7.0837e-17  2.2989e-10  4.1522e-20  1.195e-50  2.6205e-05
5.4203e-09  3.3437e-43  1.5045e-22  6.9441e-18  1.0596e-23  1.8559e-22  1  8.9255e-26  8.0932e-15  1.2961e-36  2.2075e-53  1.737e-29  0  1.272e-13  8.2802e-11  3.72e-20  1.4076e-11  6.1031e-26  6.2189e-57  8.2646e-09
2.7449e-08  1.9237e-37  1.0522e-18  3.0767e-14  2.7379e-22  4.4598e-19  0.99997  7.534e-21  1.277e-11  7.2839e-34  2.4401e-46  6.2812e-26  0  3.8714e-10  2.8158e-07  9.7891e-18  4.4653e-10  2.998e-22  9.9148e-47  3.3318e-05
1.9264e-08  2.2685e-37  7.7525e-18  2.003e-13  2.5066e-22  4.5724e-18  0.9999  8.3398e-21  4.914e-11  8.4771e-33  3.1518e-46  1.3924e-24  0  3.1399e-09  8.2446e-07  8.3394e-17  1.8062e-09  3.9089e-21  2.2739e-46  9.4398e-05
1.2244e-08  4.1054e-37  1.5349e-17  4.7554e-13  3.5467e-22  1.2571e-17  0.99982  1.7254e-20  6.797e-11  3.7841e-32  5.1369e-46  9.8116e-24  0  1.4057e-08  2.0816e-06  1.3821e-16  1.5136e-09  2.1967e-20  7.3455e-46  0.00017858
3.6215e-08  3.789e-35  2.8216e-16  5.0719e-12  2.2774e-21  1.9609e-16  0.99923  7.0268e-19  1.7232e-10  3.1028e-31  9.8442e-44  2.1325e-23  0  1.3146e-07  8.4497e-06  7.4564e-16  2.4113e-09  7.2925e-20  6.823e-43  0.0007611
1.32e-08  1.1234e-37  6.0209e-18  2.9724e-13  1.8523e-21  1.5698e-17  0.99999  2.007e-21  3.4888e-12  6.6104e-31  8.7505e-47  8.5672e-24  0  4.2708e-09  8.8296e-08  1.5876e-16  1.2823e-09  4.2403e-20  5.0613e-48  7.9537e-06
3.4442e-08  2.3206e-36  1.5779e-16  2.7814e-12  9.143e-21  2.1411e-16  0.99996  1.5387e-20  2.4286e-11  1.7851e-29  1.9082e-45  1.9792e-22  0  7.4786e-08  3.9194e-07  1.8972e-15  5.2361e-09  7.3785e-19  1.905e-46  3.7441e-05
9.2838e-08  3.7213e-34  8.3653e-15  9.949e-11  1.4361e-19  2.0139e-14  0.99923  2.0858e-19  6.3994e-10  5.4916e-26  9.882e-44  1.7699e-19  0  1.5945e-06  5.9307e-06  1.0207e-13  4.9676e-08  7.0845e-16  1.8691e-44  0.00076577
8.0535e-08  2.8654e-32  1.6168e-12  2.1209e-09  9.9773e-19  1.1567e-12  0.99457  2.5447e-18  5.4525e-09  1.3244e-24  1.7153e-41  4.2109e-18  0  0.00028936  3.2806e-05  1.798e-12  1.5037e-07  3.6835e-14  1.0351e-41  0.00511
2.5438e-08  1.3486e-34  6.6522e-13  7.1182e-10  9.002e-19  1.0941e-12  0.99873  3.6649e-21  1.7968e-09  8.8657e-23  7.3267e-46  7.9386e-17  0  0.0001543  2.4296e-06  1.0503e-11  2.8043e-07  7.8365e-13  6.1059e-48  0.0011168
1.3948e-07  4.3468e-33  2.032e-11  2.2431e-08  4.1238e-18  3.4747e-11  0.98986  3.3448e-20  2.0604e-08  1.674e-20  3.6536e-44  1.5016e-14  0  0.0027677  9.1163e-06  4.8473e-10  2.0819e-06  5.6988e-11  1.4449e-46  0.007361
4.088e-07  3.8842e-33  7.6657e-10  4.2725e-07  6.1271e-18  3.4857e-09  0.91057  6.4164e-21  1.7785e-07  3.5056e-18  7.0672e-45  9.1359e-13  0  0.070605  8.5309e-06  4.1646e-09  1.2884e-05  7.3855e-09  3.9975e-48  0.018802
9.3497e-10  8.6774e-36  2.7896e-08  3.131e-07  1.9561e-19  4.8702e-08  0.1768  1.9135e-24  2.1517e-07  4.9881e-17  9.7687e-49  3.2168e-11  0  0.81751  1.8224e-06  1.7914e-08  3.9364e-05  1.153e-06  1.2737e-52  0.0056432
1.2089e-08  1.8625e-35  2.0184e-09  8.8538e-07  4.672e-17  3.0817e-07  0.90854  7.5026e-25  3.3884e-07  2.4209e-12  6.6467e-51  1.6275e-08  0  0.074735  2.0642e-06  6.7766e-07  9.7091e-05  0.00028038  7.6218e-56  0.016348
5.8011e-08  6.9308e-33  4.3235e-10  1.4325e-07  1.6157e-14  1.6763e-07  0.99158  1.2561e-23  1.3629e-08  1.9191e-10  5.2849e-48  9.4775e-09  0  0.0074744  4.0079e-08  8.5452e-07  1.1115e-05  0.00035262  1.1288e-53  0.00058487
1.9736e-08  7.2294e-35  3.8095e-10  2.0948e-09  1.4183e-14  4.4562e-08  0.99927  3.6565e-26  2.6268e-11  2.6332e-11  1.6904e-50  1.5205e-10  0  0.00071672  1.4214e-11  6.466e-08  9.0381e-07  1.4043e-05  5.9154e-58  3.0858e-07
5.8127e-07  1.1886e-37  5.5459e-11  5.5229e-10  8.5738e-15  1.7267e-07  0.99999  1.0668e-29  2.3903e-13  1.6373e-09  1.1001e-53  1.7284e-09  0  5.0248e-07  1.0044e-14  4.751e-08  8.6687e-06  3.0951e-07  1.0264e-64  5.3871e-11
1.2366e-05  1.4063e-28  2.8605e-05  1.9705e-07  1.5943e-09  0.054321  0.9293  3.6065e-24  1.7631e-11  0.00026286  5.1159e-42  7.9232e-07  0  0.00065383  8.9439e-13  0.00015417  0.0077119  0.007553  2.2144e-50  8.3876e-11
3.2925e-11  1.3199e-35  0.00058084  2.0551e-11  4.885e-11  0.24117  0.0061472  1.0994e-33  2.7354e-14  0.00024424  4.8246e-54  1.4962e-06  0  0.00050414  1.4319e-18  0.00096867  0.29718  0.4532  9.2061e-64  9.8407e-18
1.4909e-12  1.3803e-35  1.3419e-12  4.9559e-14  2.9721e-15  1.9881e-09  0.00028236  5.8036e-30  1.9154e-10  1.9485e-07  5.5182e-55  3.1016e-09  0  4.7443e-06  3.055e-11  3.0915e-06  1.0394e-07  0.99971  1.6839e-58  9.0549e-08
7.2255e-11  5.7745e-32  1.3896e-11  1.9833e-12  9.3909e-14  8.0082e-09  0.00089943  2.482e-26  6.426e-10  1.0494e-07  3.0973e-50  2.8185e-09  0  5.1859e-05  7.4731e-10  1.6393e-05  2.2389e-07  0.99903  1.5313e-52  2.5352e-06
1.4095e-09  5.4312e-30  6.0738e-12  1.0842e-11  4.5442e-13  1.9143e-08  0.0019023  2.6451e-24  2.2429e-09  3.0729e-07  3.0718e-48  4.7748e-09  0  3.346e-05  7.5405e-09  4.7121e-05  2.2301e-07  0.99799  6.5522e-50  2.9006e-05
1.5529e-08  2.0007e-29  7.212e-11  5.9112e-10  1.6959e-13  3.9431e-07  0.0018049  3.9698e-23  4.1902e-08  6.1287e-08  6.9378e-47  1.4349e-08  0  0.00038893  1.0849e-07  0.00022023  1.0575e-06  0.99715  2.7536e-47  0.00043724
1.9586e-07  5.5807e-29  1.0466e-11  7.2424e-10  8.9463e-13  1.995e-07  0.0070795  1.1069e-22  2.6862e-08  9.1082e-07  7.3165e-47  3.1639e-08  0  2.5855e-05  2.5786e-07  0.0011009  1.5567e-06  0.99065  3.8636e-48  0.0011368
2.1915e-07  2.92e-28  3.5893e-11  1.6453e-09  9.6271e-13  5.6237e-07  0.0053796  8.7233e-22  7.0106e-08  9.9326e-07  3.7442e-45  1.4387e-07  0  7.7678e-05  3.0718e-07  0.0010118  3.7553e-06  0.99259  8.14e-46  0.00093019
1.3852e-07  5.4422e-31  1.7958e-12  2.1453e-09  5.6927e-14  1.6119e-07  0.0034651  1.3629e-23  3.4755e-08  1.6171e-06  1.5984e-48  8.2882e-07  0  2.1618e-06  2.8722e-07  0.001158  6.2661e-06  0.99349  8.793e-50  0.0018775
2.4676e-08  3.4355e-33  6.4631e-14  1.4625e-10  3.9003e-14  1.8794e-08  0.0046485  1.5327e-25  2.5451e-09  1.234e-05  1.857e-51  1.4178e-06  0  5.6975e-08  8.6387e-09  0.0001206  2.6909e-06  0.99502  1.2469e-53  0.00019147
1.6046e-08  3.6233e-35  2.9608e-14  4.6634e-10  1.3418e-14  7.2292e-08  0.0046812  5.246e-27  9.4666e-10  2.7881e-05  9.2762e-54  1.4677e-05  0  8.5779e-09  7.2391e-10  0.00012962  8.9885e-06  0.99509  7.7093e-56  4.2584e-05
5.9415e-08  6.2565e-35  1.1529e-13  6.5788e-10  8.7046e-14  8.1661e-07  0.014179  2.6438e-27  1.4345e-09  0.00012746  9.7556e-54  2.8365e-05  0  2.2274e-09  1.8255e-10  0.00075145  5.3022e-05  0.98485  7.3654e-56  6.1577e-06
1.3749e-10  4.3454e-36  2.6157e-14  2.5828e-12  6.4738e-13  1.8654e-07  0.0025072  8.5704e-30  1.7501e-11  0.00027477  4.1592e-55  9.3415e-06  0  1.058e-11  1.239e-12  0.00021962  3.5455e-05  0.99695  1.2398e-57  1.9744e-09
2.3392e-12  1.4556e-32  6.6496e-13  1.134e-12  7.6679e-11  2.2446e-07  0.00088324  2.0622e-27  1.2931e-10  0.00085395  2.5633e-49  0.00011529  0  2.5239e-11  8.3737e-11  6.7068e-05  0.000251  0.99783  1.0062e-50  1.6176e-09
4.4748e-15  1.0339e-27  1.6949e-10  4.1079e-11  7.1034e-10  3.2876e-07  7.5196e-06  3.9992e-24  2.5904e-10  0.00039644  2.7482e-41  2.7261e-05  0  4.3126e-09  3.8855e-09  2.2809e-06  5.8938e-05  0.99951  8.6562e-42  1.0672e-09
6.8843e-07  1.2045e-28  1.1653e-15  7.8651e-10  3.4759e-17  5.3313e-12  0.0007033  2.3267e-19  1.575e-06  4.0486e-13  1.3648e-45  5.1614e-10  0  4.249e-09  0.00075395  5.8208e-08  1.1726e-07  2.8082e-07  4.317e-45  0.99854
4.5828e-08  4.8696e-29  1.8062e-15  1.1374e-09  9.52e-18  5.3645e-12  0.00017827  2.0488e-19  1.2469e-06  1.0318e-13  1.3959e-45  2.5126e-10  0  1.719e-08  0.00055769  2.6764e-08  4.2055e-08  3.3046e-07  1.5231e-44  0.99926
1.7057e-08  2.2359e-30  2.2149e-15  2.6496e-09  3.9194e-18  1.2255e-11  0.00038935  1.4756e-20  2.0239e-06  4.1027e-13  2.3735e-47  7.8757e-10  0  5.4762e-08  0.00073153  3.9725e-08  6.6411e-08  2.6536e-06  8.9744e-47  0.99887
3.661e-08  3.1707e-29  2.9804e-15  3.0339e-09  7.5858e-19  8.6164e-12  0.0001015  2.6968e-19  2.128e-06  7.535e-15  4.7806e-45  5.4998e-11  0  3.1918e-08  0.0013118  1.1403e-08  3.7092e-08  1.2765e-07  2.0963e-43  0.99858
1.0928e-07  3.2928e-29  4.9741e-16  2.086e-09  2.2222e-19  3.2002e-12  0.00011104  4.8368e-19  2.41e-06  6.3551e-16  3.7279e-45  1.2846e-11  0  4.6487e-09  0.00093  3.5323e-09  2.4992e-08  1.8171e-08  3.4612e-43  0.99896
1.3849e-08  8.7475e-30  1.1561e-15  3.3834e-09  4.7904e-20  7.3832e-12  3.318e-05  1.5975e-19  2.888e-06  4.4751e-16  7.567e-46  1.3477e-10  0  1.468e-08  0.00076256  2.0358e-09  1.7029e-08  9.2159e-08  2.752e-43  0.9992
7.0793e-07  4.5416e-28  1.2411e-15  6.0075e-09  2.4392e-19  1.2349e-11  0.0001934  7.1381e-18  4.9934e-06  1.778e-16  6.3104e-43  1.4254e-10  0  8.6869e-09  0.0006371  1.5516e-08  4.2301e-08  9.0623e-09  8.3013e-41  0.99916
4.3497e-06  2.7132e-28  5.2975e-15  7.3812e-09  2.7637e-19  1.0085e-10  0.00044537  8.1938e-18  1.154e-05  3.2586e-15  9.9838e-43  6.2041e-09  0  1.2778e-08  0.00066845  4.8513e-08  4.8524e-07  5.0632e-08  4.8524e-41  0.99887
4.6206e-06  3.2484e-31  1.8881e-15  6.918e-09  3.228e-19  5.8343e-10  0.0051029  2.1588e-20  1.9216e-05  3.4047e-12  3.8092e-47  1.8321e-06  0  9.5649e-10  0.00037493  2.1054e-07  1.0112e-05  3.7356e-06  6.5468e-47  0.99448
1.9154e-05  1.3858e-34  1.8869e-16  1.473e-08  1.9318e-19  1.9186e-09  0.18505  8.1865e-23  0.00015833  2.7046e-10  5.9205e-52  0.00057511  0  9.0668e-11  9.9626e-05  1.5762e-06  0.00051004  0.00011976  9.4318e-53  0.81347
2.7519e-06  9.6291e-34  2.8466e-17  6.0627e-09  1.7271e-18  2.0158e-10  0.15178  1.3035e-22  4.6558e-05  6.39e-10  7.9401e-52  0.001095  0  8.5796e-13  8.6533e-05  1.5884e-06  0.00018806  7.2949e-05  9.4459e-52  0.84673
2.3493e-08  1.2119e-50  1.9794e-23  2.7508e-15  6.7201e-22  3.0975e-14  0.99997  2.1276e-37  1.1727e-10  7.2836e-10  0  3.5421e-06  0  3.4507e-17  2.7567e-09  3.755e-07  7.3717e-06  1.1459e-05  0  3.4245e-06
5.2291e-09  2.4849e-46  7.3946e-20  2.3095e-12  5.2388e-21  1.6698e-11  0.98084  3.5421e-33  1.0584e-07  1.4804e-09  5.1897e-70  0.0018224  0  1.2582e-12  2.3414e-06  5.8844e-06  0.00010393  0.015671  3.461e-73  0.0015503
2.0135e-09  5.7224e-46  2.0282e-17  2.1222e-11  8.0951e-21  2.9459e-10  0.93432  2.0977e-33  4.3547e-07  4.855e-10  3.6341e-70  0.000734  0  1.2637e-10  6.4152e-06  2.4299e-05  0.00029281  0.058538  5.7336e-73  0.0060852
1.1339e-08  1.419e-48  4.1188e-21  4.8247e-14  6.1918e-22  1.4437e-12  0.99977  1.7573e-35  3.1076e-09  1.0984e-10  0  6.4097e-06  0  2.3335e-14  5.1839e-08  1.9277e-06  9.9467e-06  9.5379e-05  0  0.00011507
2.4133e-09  2.1561e-45  2.2161e-19  6.2762e-13  4.4624e-21  7.9164e-12  0.98375  2.0693e-32  1.2693e-07  5.8522e-10  5.5701e-69  0.0013644  0  3.4288e-12  3.3493e-06  1.5786e-06  5.1332e-05  0.012529  3.6349e-72  0.0023022
3.4623e-10  1.6362e-50  3.4604e-20  2.6495e-13  4.2159e-23  4.3234e-12  0.99782  1.0284e-36  3.5779e-08  1.1328e-11  0  0.0001406  0  5.1267e-13  7.2366e-07  6.5226e-07  8.85e-05  0.0017065  0  0.00024314
7.0096e-10  2.4937e-47  2.5759e-18  1.7105e-12  5.1785e-22  1.1478e-10  0.99157  3.6652e-34  1.4422e-07  4.8162e-11  9.9853e-72  0.00026688  0  3.8318e-11  5.6237e-06  3.4555e-06  6.6697e-05  0.0063363  0  0.0017469
4.2102e-09  3.6578e-47  1.3946e-20  2.488e-13  4.2062e-22  3.1885e-12  0.99866  1.1419e-33  3.226e-08  4.6375e-11  8.8953e-72  8.2989e-05  0  1.7146e-13  2.5087e-06  8.9124e-07  2.0587e-05  0.00035972  0  0.00087409
1.2728e-09  6.2675e-51  2.4609e-22  1.4032e-14  1.0363e-22  1.5726e-13  0.99988  4.994e-37  1.1812e-09  2.7707e-11  0  6.4519e-06  0  1.3387e-15  8.4652e-08  1.9344e-07  1.0461e-05  5.3664e-05  0  4.7962e-05
6.3813e-09  6.746e-48  3.557e-19  3.1263e-12  6.6024e-22  2.4708e-11  0.99397  1.2632e-34  9.5751e-08  1.7744e-10  0  0.00029159  0  4.0369e-12  1.607e-06  6.1381e-06  5.1246e-05  0.0026503  0  0.0030334
1.3315e-09  6.8984e-47  1.2006e-18  2.2445e-12  1.0718e-21  2.463e-11  0.99108  1.133e-33  1.3911e-07  6.2757e-11  1.5516e-71  0.00033614  0  1.511e-11  4.3479e-06  5.0175e-06  4.7518e-05  0.0052577  0  0.0032726
1.3144e-08  2.1032e-46  5.8165e-20  1.0816e-12  3.3575e-22  5.8445e-12  0.99687  7.0873e-33  8.6432e-08  1.3637e-11  5.2207e-71  0.00014149  0  6.6687e-13  4.3285e-06  3.4924e-06  1.7269e-05  0.00028884  0  0.0026696
7.0224e-08  7.2838e-48  4.4171e-21  5.4776e-13  1.548e-22  2.6585e-12  0.999  3.5743e-34  2.6163e-08  2.3708e-11  0  0.00028598  0  8.3569e-14  6.8031e-07  5.8888e-06  1.9657e-05  0.00011868  0  0.00056761
1.1478e-07  1.8259e-44  3.0775e-17  8.7228e-11  6.2916e-22  2.0895e-09  0.97216  4.3803e-31  1.5655e-06  1.5232e-11  8.1543e-68  0.0017637  0  6.5437e-10  2.4181e-05  0.00017283  0.00018238  0.0031986  6.3715e-70  0.0225
3.8908e-07  6.0669e-46  4.1763e-19  1.1695e-11  7.4472e-22  4.1862e-10  0.97893  1.5685e-32  8.7045e-07  1.8732e-10  6.3283e-70  0.014457  0  1.6206e-11  4.0963e-06  0.00025365  0.00024095  0.0021574  0  0.0039554
1.043e-06  8.3305e-53  1.8102e-24  2.0346e-15  1.7071e-24  8.2717e-14  0.99994  1.3052e-38  1.4425e-09  5.848e-12  0  3.1618e-05  0  5.9079e-18  4.9885e-09  5.9072e-06  1.222e-05  8.9512e-08  0  4.1324e-06
1.6979e-06  2.7031e-52  1.5525e-24  1.0282e-14  3.6811e-24  3.3523e-14  0.99995  2.7089e-38  3.5529e-09  1.3042e-11  0  2.7218e-05  0  3.2865e-18  1.3899e-08  3.268e-06  1.1125e-05  1.0612e-07  0  3.9783e-06
1.1005e-05  5.9456e-46  2.2946e-19  7.1711e-12  1.8709e-21  1.5833e-11  0.99977  1.1035e-33  2.9009e-08  4.0558e-11  0  1.8828e-06  0  2.4328e-15  4.5634e-07  2.9743e-05  9.289e-05  7.0593e-07  0  9.4008e-05
1.0443e-05  7.8896e-42  1.8e-14  1.076e-09  1.8406e-20  3.8759e-08  0.98732  8.5576e-30  3.8994e-06  1.3636e-11  7.1986e-66  7.9345e-06  0  3.8968e-10  4.1186e-05  0.00066477  0.0006435  4.4784e-05  1.1443e-68  0.011263
5.004e-06  5.458e-38  2.247e-11  6.9481e-09  1.9716e-18  8.3179e-06  0.82735  9.802e-27  0.00011245  2.7702e-10  4.2012e-60  0.00061269  0  5.5059e-06  0.00029824  0.041923  0.0072261  0.069227  2.7879e-61  0.053231
9.8739e-06  4.3032e-40  7.5623e-14  2.058e-10  8.9015e-21  8.4882e-08  0.80488  9.9806e-28  0.00015828  2.786e-12  5.4546e-64  0.00024568  0  1.396e-07  0.00026014  0.0033296  0.0015238  0.00050922  5.1176e-66  0.18908
7.554e-07  1.2506e-41  4.4809e-15  6.349e-11  1.2434e-23  2.8602e-09  0.10111  2.6728e-28  0.001464  4.4271e-15  1.4258e-65  0.00017151  0  6.8977e-08  0.001103  6.468e-05  0.00033285  1.3482e-05  7.4303e-67  0.89574
1.3735e-08  7.2658e-44  1.1302e-15  1.4035e-10  1.9184e-26  2.6586e-10  0.0054595  1.3688e-29  0.00030495  2.3294e-17  4.4896e-68  6.0764e-05  0  2.5227e-08  0.0011147  1.3823e-06  2.8174e-05  7.6648e-07  7.1396e-69  0.99303
5.1692e-08  9.9386e-48  4.6162e-17  1.7202e-10  3.9565e-29  5.5017e-11  0.0040847  6.9487e-32  6.0248e-05  1.7361e-19  0  6.3788e-06  0  7.2978e-10  0.00014525  1.4331e-07  1.0539e-05  1.5263e-09  0  0.99569
